INDV	N_DATA	N_GENOTYPES_FILTERED	N_MISS	F_MISS
001_CB_ORW_CHN_F	22897246	0	91907	0.00401389
002_CB_ORW_CHN_M	22897246	0	83687	0.00365489
003_CB_ATP_CHN_M	22897246	0	92194	0.00402642
004_CB_ATP_CHN_F	22897246	0	95772	0.00418269
005_CB_ORW_CHN_M	22897246	0	87584	0.00382509
006_CB_ATP_CHN_F	22897246	0	93853	0.00409888
007_CB_ATP_CHN_F	22897246	0	100762	0.00440062
008_CC_RED_FIN_M	22897246	0	108351	0.00473205
009_CC_RED_FIN_M	22897246	0	95083	0.0041526
010_CC_RED_FIN_F	22897246	0	69798	0.00304831
011_CS_UNK_CHN_F	22897246	0	143529	0.0062684
012_CS_UNK_CHN_F	22897246	0	115731	0.00505436
013_CC_GRW_HUN_F	22897246	0	84010	0.003669
014_CC_GRW_HUN_F	22897246	0	86024	0.00375696
015_CC_GRW_HUN_F	22897246	0	74540	0.00325541
016_CC_GRW_HUN_F	22897246	0	67364	0.00294201
017_CC_GRW_HUN_F	22897246	0	130567	0.0057023
018_CC_GRW_HUN_M	22897246	0	115244	0.00503309
019_CC_GRW_HUN_F	22897246	0	154456	0.00674561
020_CC_GRW_HUN_F	22897246	0	82080	0.00358471
021_CC_RED_FIN_F	22897246	0	78512	0.00342888
022_CC_RED_FIN_F	22897246	0	71125	0.00310627
023_CC_RED_FIN_F	22897246	0	123028	0.00537305
024_CC_RED_FIN_M	22897246	0	76308	0.00333263
025_CC_RED_FIN_F	22897246	0	67288	0.00293869
026_CC_RED_FIN_F	22897246	0	88829	0.00387946
027_CC_BRA_FIN_M	22897246	0	97253	0.00424737
028_CC_BRA_FIN_F	22897246	0	74451	0.00325153
029_CC_BRA_FIN_F	22897246	0	56333	0.00246025
030_CC_MPT_NOR_F	22897246	0	84037	0.00367018
031_CC_MPT_SWE_F	22897246	0	58387	0.00254996
032_CC_MPT_NOR_M	22897246	0	86442	0.00377521
033_CC_MPT_NOR_M	22897246	0	85365	0.00372818
034_CC_MPT_NOR_F	22897246	0	69471	0.00303403
035_CC_MPT_NOR_F	22897246	0	73822	0.00322406
036_CC_MPT_NOR_F	22897246	0	69878	0.00305181
037_CC_ERW_DNK_M	22897246	0	73017	0.0031889
038_CC_ERW_DNK_F	22897246	0	91441	0.00399354
039_CC_ERW_DNK_F	22897246	0	91607	0.00400079
040_CC_ERW_DNK_M	22897246	0	79791	0.00348474
041_CM_UNK_BGD_F	22897246	0	252950	0.0110472
042_CC_GRW_HUN_F	22897246	0	51368	0.00224341
043_CC_RED_FIN_F	22897246	0	43841	0.00191468
044_CC_UNK_RUS_M	22897246	0	63127	0.00275697
045_CC_UNK_RUS_M	22897246	0	90797	0.00396541
046_CC_UNK_RUS_M	22897246	0	95713	0.00418011
047_CC_UNK_RUS_M	22897246	0	83374	0.00364122
048_CC_UNK_RUS_M	22897246	0	62483	0.00272884
049_CM_DGO_BGD_F	22897246	0	211221	0.00922473
050_CM_DGO_BGD_F	22897246	0	211694	0.00924539
053_CC_RED_FIN_F	22897246	0	128617	0.00561714
054_CC_RED_FIN_F	22897246	0	126371	0.00551905
056_CC_COR_BGR_F	22897246	0	154339	0.0067405
057_CC_COR_BGR_F	22897246	0	135002	0.00589599
058_CC_COR_BGR_F	22897246	0	127187	0.00555469
059_CC_COR_BGR_M	22897246	0	125031	0.00546053
060_CC_GRW_BGR_F	22897246	0	135528	0.00591897
061_CC_GRW_BGR_F	22897246	0	111527	0.00487076
062_CC_GRW_BGR_F	22897246	0	127789	0.00558098
063_CC_GRW_BGR_F	22897246	0	145132	0.0063384
064_CC_GRW_BGR_M	22897246	0	130822	0.00571344
065_CC_GRW_BGR_M	22897246	0	147283	0.00643235
066_CC_GRW_BGR_F	22897246	0	148560	0.00648812
067_CC_GRW_BGR_M	22897246	0	148331	0.00647812
068_CC_GRW_BGR_F	22897246	0	113704	0.00496584
069_CC_GRW_BGR_F	22897246	0	130567	0.0057023
070_CC_GRW_BGR_F	22897246	0	118296	0.00516639
071_CC_GRW_BGR_F	22897246	0	124784	0.00544974
072_CC_MSH_BGR_F	22897246	0	134131	0.00585795
073_CC_MSH_BGR_M	22897246	0	136237	0.00594993
074_CC_MSH_BGR_F	22897246	0	142992	0.00624494
075_CC_MSH_BGR_F	22897246	0	131921	0.00576144
076_CC_MSH_BGR_M	22897246	0	144588	0.00631465
077_CC_MSH_BGR_M	22897246	0	132380	0.00578148
078_CC_MSH_BGR_M	22897246	0	133310	0.0058221
079_CC_MSH_BGR_F	22897246	0	139521	0.00609335
080_CC_MSH_BGR_M	22897246	0	121878	0.00532282
081_CC_ERW_CZE_F	22897246	0	156434	0.006832
082_CC_ERW_CZE_F	22897246	0	136776	0.00597347
083_CC_ERW_DEU_M	22897246	0	136951	0.00598111
084_CC_BRA_FIN_M	22897246	0	135480	0.00591687
085_CC_RED_FIN_M	22897246	0	151365	0.00661062
086_CC_RED_FIN_F	22897246	0	141438	0.00617707
087_CC_RED_FIN_M	22897246	0	132272	0.00577676
088_CC_RED_FIN_M	22897246	0	131721	0.0057527
089_CC_RED_FIN_F	22897246	0	139678	0.00610021
090_CC_RED_FIN_M	22897246	0	123825	0.00540786
091_CC_RED_FIN_M	22897246	0	138550	0.00605095
092_CC_RED_FIN_M	22897246	0	142842	0.00623839
093_CC_RED_FIN_M	22897246	0	137677	0.00601282
094_CC_RED_FIN_M	22897246	0	114288	0.00499134
095_CC_RED_FIN_M	22897246	0	133344	0.00582358
096_CC_GRW_HUN_F	22897246	0	166139	0.00725585
097_CC_GRW_HUN_F	22897246	0	156846	0.00684999
098_CC_ERW_POL_M	22897246	0	139212	0.00607986
100_CC_ERW_POL_F	22897246	0	168495	0.00735875
101_CC_ERW_SPA_F	22897246	0	152816	0.00667399
102_CC_ERW_SPA_F	22897246	0	138447	0.00604645
103_CC_ERW_SPA_F	22897246	0	633018	0.027646
104_CB_ORW_CHN_M	22897246	0	148681	0.0064934
105_CB_ORW_CHN_F	22897246	0	152159	0.0066453
106_CB_ORW_CHN_M	22897246	0	172581	0.00753719
107_CB_ORW_CHN_M	22897246	0	175763	0.00767616
108_CB_ORW_CHN_F	22897246	0	152533	0.00666163
109_CB_ORW_CHN_M	22897246	0	158324	0.00691454
110_CB_ORW_CHN_F	22897246	0	158064	0.00690319
111_CC_UNK_UNK_M	22897246	0	129701	0.00566448
112_CC_UNK_UNK_M	22897246	0	128684	0.00562006
113_CC_UNK_ENG_F	22897246	0	229035	0.0100027
114_CC_UNK_ENG_M	22897246	0	301605	0.0131721
115_CC_UNK_ENG_M	22897246	0	228272	0.00996941
116_CC_UNK_ENG_M	22897246	0	187645	0.00819509
117_CC_UNK_ENG_M	22897246	0	264720	0.0115612
118_CC_UNK_ENG_M	22897246	0	224537	0.00980629
119_CC_UNK_ENG_F	22897246	0	160725	0.0070194
120_CC_UNK_ENG_F	22897246	0	240699	0.0105121
121_CC_UNK_ENG_M	22897246	0	197432	0.00862252
122_CC_UNK_ENG_M	22897246	0	193602	0.00845525
123_CC_UNK_ENG_M	22897246	0	143607	0.0062718
124_CC_UNK_ENG_M	22897246	0	164748	0.0071951
125_CC_UNK_ENG_M	22897246	0	194802	0.00850766
126_CC_UNK_ENG_M	22897246	0	149951	0.00654887
127_CC_UNK_ENG_M	22897246	0	158562	0.00692494
128_CC_UNK_ENG_M	22897246	0	134301	0.00586538
129_CC_UNK_ENG_M	22897246	0	126705	0.00553363
130_CC_UNK_ENG_M	22897246	0	153214	0.00669137
131_CC_UNK_ENG_M	22897246	0	182682	0.00797834
132_CC_UNK_ENG_M	22897246	0	246023	0.0107447
133_CC_UNK_ENG_M	22897246	0	227851	0.00995102
134_CC_UNK_ENG_M	22897246	0	153834	0.00671845
135_CC_UNK_ENG_M	22897246	0	185835	0.00811604
136_CC_UNK_ENG_M	22897246	0	152162	0.00664543
137_CC_UNK_ENG_M	22897246	0	202022	0.00882298
138_CC_UNK_BLR_M	22897246	0	151454	0.00661451
139_CC_UNK_BLR_M	22897246	0	266289	0.0116297
140_CC_UNK_BLR_M	22897246	0	153387	0.00669893
141_CC_UNK_RUS_M	22897246	0	139597	0.00609667
142_CC_UNK_RUS_M	22897246	0	156972	0.0068555
143_CC_UNK_RUS_M	22897246	0	169340	0.00739565
144_CC_GRW_BGR_M	22897246	0	136730	0.00597146
145_CC_GRW_BGR_M	22897246	0	172729	0.00754366
146_CC_GRW_BGR_M	22897246	0	152952	0.00667993
147_CC_GRW_BGR_M	22897246	0	141264	0.00616948
148_CC_MSH_BGR_M	22897246	0	130169	0.00568492
149_CC_GRW_BGR_M	22897246	0	133646	0.00583677
150_CC_GRW_CZE_F	22897246	0	118216	0.00516289
151_CC_GRW_CZE_F	22897246	0	131940	0.00576227
152_CC_GRW_CZE_F	22897246	0	58356	0.0025486
153_CC_ERW_CZE_F	22897246	0	132533	0.00578816
154_CC_GRW_CZE_M	22897246	0	126159	0.00550979
155_CC_GRW_CZE_F	22897246	0	163285	0.00713121
156_CC_GRW_CZE_M	22897246	0	83334	0.00363948
157_CC_GRW_CZE_M	22897246	0	115935	0.00506327
158_CO_UNK_MON_M	22897246	0	229278	0.0100133
159_CC_UNK_MON_M	22897246	0	150412	0.006569
160_CC_UNK_MON_M	22897246	0	155321	0.00678339
161_CC_UNK_MON_M	22897246	0	156880	0.00685148
162_CC_UNK_MON_M	22897246	0	162832	0.00711142
163_EC_BTW_CHN_M	22897246	0	15267745	0.666794
164_CC_ORW_CHN_M	22897246	0	180023	0.00786221
165_CC_ORW_CHN_M	22897246	0	178580	0.00779919
166_CC_ORW_CHN_M	22897246	0	171715	0.00749937
167_CC_ORW_CHN_M	22897246	0	185124	0.00808499
168_CC_ORW_CHN_M	22897246	0	206890	0.00903558
169_CC_ORW_CHN_M	22897246	0	207035	0.00904192
170_CC_ORW_CHN_M	22897246	0	181006	0.00790514
171_CC_ORW_CHN_M	22897246	0	194720	0.00850408
172_CC_ORW_CHN_M	22897246	0	178316	0.00778766
173_CC_ORW_CHN_M	22897246	0	175285	0.00765529
174_CC_ORW_CHN_M	22897246	0	205395	0.00897029
175_CC_ORW_CHN_M	22897246	0	176439	0.00770569
176_CC_ORW_CHN_M	22897246	0	181320	0.00791886
177_CC_ORW_CHN_M	22897246	0	219073	0.00956766
178_CC_ORW_CHN_M	22897246	0	184477	0.00805673
179_CB_GBC_CHN_M	22897246	0	156743	0.0068455
180_CB_DRD_CHN_M	22897246	0	164469	0.00718292
181_CB_GBC_CHN_M	22897246	0	168359	0.00735281
182_CB_GBC_CHN_M	22897246	0	144665	0.00631801
183_CB_OMR_CHN_M	22897246	0	153331	0.00669648
184_CC_IBS_CHN_F	22897246	0	161191	0.00703975
185_CB_OMR_CHN_F	22897246	0	135764	0.00592927
186_CC_ORW_CHN_F	22897246	0	168860	0.00737469
187_CC_ORW_CHN_F	22897246	0	190687	0.00832794
188_CC_ORW_CHN_F	22897246	0	156637	0.00684087
189_CC_ORW_CHN_F	22897246	0	178889	0.00781269
190_CC_ORW_CHN_F	22897246	0	175398	0.00766022
191_CC_ORW_CHN_F	22897246	0	234960	0.0102615
192_CC_ORW_CHN_F	22897246	0	163652	0.00714724
193_CC_ORW_CHN_F	22897246	0	125553	0.00548332
194_CC_ORW_CHN_F	22897246	0	171186	0.00747627
195_CC_ORW_CHN_F	22897246	0	153708	0.00671295
196_CC_ORW_CHN_F	22897246	0	148395	0.00648091
197_CC_ORW_CHN_F	22897246	0	132061	0.00576755
198_CC_ORW_CHN_F	22897246	0	170660	0.0074533
199_CC_ORW_CHN_F	22897246	0	189422	0.0082727
200_CC_ORW_CHN_F	22897246	0	171294	0.00748099
201_CC_ORW_CHN_F	22897246	0	183005	0.00799245
202_CC_ORW_CHN_F	22897246	0	181666	0.00793397
203_CC_ORW_CHN_F	22897246	0	166846	0.00728673
204_CC_ORW_CHN_F	22897246	0	174913	0.00763904
205_CC_ORW_CHN_F	22897246	0	166368	0.00726585
206_CC_ORW_CHN_F	22897246	0	196703	0.00859068
207_CC_ORW_CHN_F	22897246	0	174411	0.00761712
208_CC_ORW_CHN_F	22897246	0	161865	0.00706919
209_CC_ORW_CHN_F	22897246	0	189862	0.00829191
210_CC_ORW_CHN_F	22897246	0	199508	0.00871319
211_CB_GBC_CHN_F	22897246	0	168740	0.00736945
212_CB_GBC_CHN_F	22897246	0	162271	0.00708692
213_CB_GBC_CHN_F	22897246	0	142079	0.00620507
214_CB_GBC_CHN_F	22897246	0	189252	0.00826527
215_CB_GBC_CHN_F	22897246	0	181873	0.00794301
216_CB_GBC_CHN_F	22897246	0	138740	0.00605924
217_CB_ASC_CHN_F	22897246	0	206961	0.00903869
218_CC_IBS_CHN_M	22897246	0	157279	0.0068689
219_CC_IBS_CHN_F	22897246	0	164911	0.00720222
225_CC_IBS_CHN_F	22897246	0	167259	0.00730476
227_CC_IBS_CHN_M	22897246	0	213983	0.00934536
228_CB_GBC_CHN_F	22897246	0	178222	0.00778356
229_CB_GBC_CHN_M	22897246	0	167633	0.0073211
230_CB_ASC_CHN_M	22897246	0	164954	0.0072041
231_CC_ORW_CHN_F	22897246	0	165261	0.00721751
232_CC_ORW_CHN_M	22897246	0	199564	0.00871563
234_CC_ORW_CHN_M	22897246	0	193575	0.00845407
235_CC_ORW_CHN_M	22897246	0	170537	0.00744793
236_CC_ORW_CHN_M	22897246	0	178741	0.00780622
237_CC_ORW_CHN_F	22897246	0	131482	0.00574226
238_CC_ORW_CHN_F	22897246	0	179885	0.00785618
239_CC_ORW_CHN_F	22897246	0	160121	0.00699302
240_CC_ORW_CHN_M	22897246	0	146176	0.006384
241_CC_ORW_CHN_M	22897246	0	227478	0.00993473
242_CC_ORW_CHN_F	22897246	0	167608	0.00732001
243_CC_ORW_CHN_F	22897246	0	171112	0.00747304
244_CC_ORW_CHN_M	22897246	0	209915	0.0091677
245_CB_OMR_CHN_F	22897246	0	210432	0.00919028
246_CB_ASC_CHN_F	22897246	0	177543	0.0077539
248_HH_SBR_RUS_M	22897246	0	1822644	0.079601
250_CC_MWB_RUS_M	22897246	0	266416	0.0116353
251_CO_BRA_RUS_F	22897246	0	310463	0.013559
252_CC_SRT_RUS_F	22897246	0	153100	0.00668639
254_CC_SRT_RUS_M	22897246	0	263844	0.011523
255_CC_SRT_RUS_M	22897246	0	160902	0.00702713
256_CC_SRT_RUS_F	22897246	0	153296	0.00669495
258_CC_SRT_RUS_F	22897246	0	156104	0.00681759
259_CC_SRT_RUS_F	22897246	0	173377	0.00757196
260_CC_SRT_RUS_F	22897246	0	171145	0.00747448
261_CC_BFB_RUS_F	22897246	0	232306	0.0101456
262_CC_BFB_RUS_M	22897246	0	194039	0.00847434
264_CC_DRD_RUS_M	22897246	0	235313	0.0102769
265_CC_DRD_RUS_M	22897246	0	193858	0.00846643
266_CC_DRD_RUS_M	22897246	0	251204	0.0109709
267_CC_DRD_RUS_M	22897246	0	172603	0.00753816
268_CC_TBW_RUS_M	22897246	0	215426	0.00940838
269_CC_TBW_RUS_F	22897246	0	208123	0.00908943
270_CC_TBW_RUS_F	22897246	0	155115	0.0067744
271_CC_TBW_RUS_M	22897246	0	192240	0.00839577
272_CC_TBW_RUS_F	22897246	0	184103	0.0080404
273_CC_TBW_RUS_F	22897246	0	192441	0.00840455
274_CC_UNK_BLR_M	22897246	0	223814	0.00977471
275_CC_UNK_RUS_M	22897246	0	239668	0.0104671
276_CC_UNK_RUS_F	22897246	0	172594	0.00753776
277_CC_UNK_RUS_F	22897246	0	170969	0.00746679
278_CC_UNK_RUS_F	22897246	0	161760	0.00706461
279_CC_UNK_RUS_F	22897246	0	228285	0.00996998
280_CC_UNK_RUS_F	22897246	0	189477	0.0082751
281_CC_UNK_RUS_M	22897246	0	237024	0.0103516
282_CC_UNK_RUS_M	22897246	0	180368	0.00787728
283_CC_UNK_RUS_F	22897246	0	206992	0.00904004
284_CC_UNK_RUS_M	22897246	0	176947	0.00772787
285_CC_UNK_RUS_F	22897246	0	222561	0.00971999
286_CC_UNK_RUS_F	22897246	0	189368	0.00827034
287_CC_UNK_RUS_M	22897246	0	183994	0.00803564
288_CC_UNK_RUS_F	22897246	0	178463	0.00779408
289_CC_UNK_RUS_M	22897246	0	181095	0.00790903
290_CC_UNK_RUS_M	22897246	0	215192	0.00939816
291_CC_UNK_RUS_F	22897246	0	163934	0.00715955
292_CC_UNK_RUS_M	22897246	0	127800	0.00558146
293_CC_UNK_RUS_M	22897246	0	145281	0.00634491
294_CC_UNK_RUS_F	22897246	0	158441	0.00691965
295_CC_UNK_RUS_F	22897246	0	203968	0.00890797
296_CC_UNK_RUS_M	22897246	0	127490	0.00556792
297_CC_UNK_RUS_M	22897246	0	149020	0.00650821
298_CC_UNK_RUS_M	22897246	0	147329	0.00643435
299_CC_UNK_RUS_F	22897246	0	190527	0.00832096
300_CC_UNK_RUS_M	22897246	0	145138	0.00633867
301_CC_UNK_RUS_F	22897246	0	306014	0.0133647
302_CO_UNK_RUS_F	22897246	0	231357	0.0101041
303_CC_UNK_RUS_M	22897246	0	134754	0.00588516
304_CC_UNK_RUS_F	22897246	0	154903	0.00676514
305_CM_BSK_RUS_M	22897246	0	506889	0.0221376
306_CM_BSK_RUS_M	22897246	0	507225	0.0221522
307_CM_BSK_RUS_F	22897246	0	635927	0.0277731
308_CM_BSK_RUS_F	22897246	0	552219	0.0241173
309_CO_ACW_RUS_F	22897246	0	311430	0.0136012
310_CO_ACW_RUS_F	22897246	0	228067	0.00996046
311_CO_ACW_RUS_F	22897246	0	326969	0.0142798
313_CO_ACW_RUS_M	22897246	0	247736	0.0108195
315_CC_ACW_RUS_F	22897246	0	161120	0.00703665
316_CO_ACW_RUS_F	22897246	0	513074	0.0224077
317_CO_SCC_RUS_F	22897246	0	226597	0.00989626
318_CO_SCC_RUS_F	22897246	0	255762	0.01117
320_CO_SCC_RUS_F	22897246	0	228756	0.00999055
322_CO_SCC_RUS_M	22897246	0	287867	0.0125721
323_CO_SCC_RUS_M	22897246	0	266905	0.0116566
324_CO_SCC_RUS_F	22897246	0	262103	0.0114469
327_CO_SCC_RUS_F	22897246	0	228144	0.00996382
328_CC_SCC_RUS_F	22897246	0	173049	0.00755763
329_CO_SCC_RUS_M	22897246	0	262581	0.0114678
330_CO_SCC_RUS_F	22897246	0	234298	0.0102326
332_CO_SCC_RUS_M	22897246	0	240849	0.0105187
333_CO_SCC_RUS_F	22897246	0	228856	0.00999491
334_CO_SCC_RUS_F	22897246	0	207344	0.00905541
335_CO_SCC_RUS_F	22897246	0	216052	0.00943572
336_CO_SCC_RUS_F	22897246	0	201302	0.00879154
337_CO_SCC_RUS_M	22897246	0	234202	0.0102284
338_CO_SCC_RUS_M	22897246	0	255598	0.0111628
339_CO_SCC_RUS_M	22897246	0	247265	0.0107989
340_CO_SCC_RUS_M	22897246	0	216371	0.00944965
341_CO_SCC_RUS_M	22897246	0	225416	0.00984468
343_CO_SCC_RUS_M	22897246	0	235368	0.0102793
344_CO_SCC_RUS_M	22897246	0	255899	0.011176
345_CO_SCC_RUS_M	22897246	0	237207	0.0103596
346_CO_YBW_RUS_F	22897246	0	295934	0.0129244
347_CO_YBW_RUS_M	22897246	0	306761	0.0133973
348_CO_YBW_RUS_F	22897246	0	310203	0.0135476
349_CO_YBW_RUS_M	22897246	0	280515	0.012251
350_CO_YBW_RUS_M	22897246	0	240389	0.0104986
351_CO_YBW_RUS_M	22897246	0	198104	0.00865187
352_CO_YBW_RUS_F	22897246	0	230042	0.0100467
353_CO_YBW_RUS_F	22897246	0	227829	0.00995006
354_CO_YBW_RUS_F	22897246	0	226164	0.00987735
355_CO_YBW_RUS_F	22897246	0	245378	0.0107165
356_CO_YBW_RUS_M	22897246	0	254862	0.0111307
357_CO_YBW_RUS_F	22897246	0	235776	0.0102971
358_CO_PLW_RUS_F	22897246	0	260058	0.0113576
359_CO_PLW_RUS_M	22897246	0	238333	0.0104088
360_CO_PLW_RUS_F	22897246	0	302571	0.0132143
361_CO_PLW_RUS_M	22897246	0	241101	0.0105297
362_CO_PLW_RUS_F	22897246	0	243356	0.0106282
363_CO_PLW_RUS_M	22897246	0	250489	0.0109397
364_CO_PLW_RUS_M	22897246	0	257677	0.0112536
365_CO_PLW_RUS_M	22897246	0	235590	0.010289
366_CO_PLW_RUS_M	22897246	0	202326	0.00883626
367_CO_PLW_RUS_M	22897246	0	233350	0.0101912
368_CO_PLW_RUS_M	22897246	0	241748	0.010558
369_CO_PLW_RUS_M	22897246	0	251148	0.0109685
370_CO_PLW_RUS_F	22897246	0	422496	0.0184518
371_CO_PLW_RUS_M	22897246	0	355636	0.0155318
372_CO_PLW_RUS_M	22897246	0	845445	0.0369234
373_CO_PLW_RUS_M	22897246	0	364241	0.0159076
374_CO_PLW_RUS_M	22897246	0	244900	0.0106956
375_CC_PLW_RUS_F	22897246	0	159319	0.006958
376_CO_PLW_RUS_F	22897246	0	245871	0.010738
377_CO_PLW_RUS_M	22897246	0	254912	0.0111329
379_CO_PLW_RUS_F	22897246	0	332143	0.0145058
380_CO_PLW_RUS_F	22897246	0	319432	0.0139507
381_CO_PLW_RUS_F	22897246	0	242445	0.0105884
382_CO_PLW_RUS_F	22897246	0	251676	0.0109915
383_CO_PLW_RUS_M	22897246	0	234132	0.0102253
384_CO_PLW_RUS_M	22897246	0	250376	0.0109348
385_CO_PLW_RUS_M	22897246	0	231633	0.0101162
386_CP_MBW_RUS_M	22897246	0	754107	0.0329344
387_CP_MBW_RUS_F	22897246	0	711369	0.0310679
388_CO_SCC_RUS_M	22897246	0	249762	0.0109079
389_CC_ACW_RUS_F	22897246	0	162783	0.00710928
390_CO_SCC_RUS_M	22897246	0	233253	0.0101869
392_CC_UNK_RUS_M	22897246	0	328148	0.0143313
393_CC_UNK_RUS_F	22897246	0	579634	0.0253146
394_CC_UNK_RUS_M	22897246	0	210933	0.00921216
395_CC_UNK_RUS_M	22897246	0	234393	0.0102367
396_CC_UNK_RUS_M	22897246	0	1111142	0.0485273
397_CC_UNK_RUS_M	22897246	0	333046	0.0145452
398_CC_UNK_RUS_M	22897246	0	451117	0.0197018
399_CC_UNK_RUS_M	22897246	0	162410	0.00709299
400_CO_SCC_RUS_F	22897246	0	360238	0.0157328
401_CO_SCC_RUS_F	22897246	0	587373	0.0256526
402_CO_PLW_RUS_F	22897246	0	311242	0.013593
403_CO_PLW_RUS_F	22897246	0	625195	0.0273044
404_CO_YBW_RUS_F	22897246	0	221355	0.00966732
405_CO_ACW_RUS_F	22897246	0	262684	0.0114723
406_CO_ACW_RUS_M	22897246	0	539367	0.023556
408_CC_TBW_RUS_F	22897246	0	144401	0.00630648
410_CC_GRW_HUN_F	22897246	0	225759	0.00985966
411_CC_GRW_HUN_F	22897246	0	610748	0.0266734
412_CC_GRW_HUN_F	22897246	0	268781	0.0117386
413_CC_GRW_HUN_F	22897246	0	1029833	0.0449763
414_CC_GRW_HUN_F	22897246	0	289711	0.0126527
415_CC_GRW_HUN_F	22897246	0	380016	0.0165966
416_CC_GRW_HUN_F	22897246	0	441542	0.0192836
417_CC_GRW_HUN_F	22897246	0	925948	0.0404393
418_CC_GRW_HUN_F	22897246	0	643897	0.0281212
419_CC_GRW_HUN_F	22897246	0	270340	0.0118067
420_CC_GRW_HUN_F	22897246	0	1007604	0.0440055
421_CC_GRW_HUN_F	22897246	0	1090925	0.0476444
422_CC_GRW_HUN_F	22897246	0	748249	0.0326786
423_CC_GRW_HUN_F	22897246	0	369335	0.0161301
424_CC_GRW_HUN_F	22897246	0	955402	0.0417256
426_CC_GRW_HUN_F	22897246	0	425388	0.0185781
427_CC_GRW_HUN_F	22897246	0	1582109	0.069096
428_CC_GRW_HUN_F	22897246	0	605051	0.0264246
429_CC_GRW_HUN_F	22897246	0	1312702	0.0573301
430_CC_GRW_HUN_F	22897246	0	527751	0.0230487
431_CC_UNK_EST_F	22897246	0	676062	0.0295259
432_CC_UNK_IRA_F	22897246	0	811574	0.0354442
433_CC_UNK_CHN_F	22897246	0	760174	0.0331994
434_CC_UNK_UKR_F	22897246	0	735562	0.0321245
435_CC_UNK_UKR_F	22897246	0	857655	0.0374567
436_CC_UNK_ROM_F	22897246	0	1836411	0.0802023
437_CC_UNK_MAC_F	22897246	0	1267717	0.0553655
438_CC_UNK_RUS_F	22897246	0	831263	0.0363041
439_CC_UNK_RUS_F	22897246	0	1267911	0.055374
440_CC_UNK_RUS_F	22897246	0	1038490	0.0453544
441_CC_UNK_RUS_F	22897246	0	1692847	0.0739323
442_CC_UNK_RUS_F	22897246	0	1103467	0.0481921
443_CC_UNK_RUS_F	22897246	0	1401642	0.0612144
444_CC_UNK_MON_F	22897246	0	844503	0.0368823
445_CC_UNK_TOG_F	22897246	0	968672	0.0423052
