0.000526558	-87703514.43	0,1.37945e-05,3.31784e-05,6.04165e-05,9.86914e-05,0.000152475,0.000228051,0.000334251,0.000483482,0.00069318,0.000987847,0.00140191,0.00198375,0.00280135,0.00395023,0.00556464,0.00783319,0.0110209,0.0155004,0.0217948,inf	170.116,170.116,304.065,407.532,507.063,568.504,569.453,531.712,489.73,459.015,442.468,439.511,449.096,469.094,492.985,510.701,518.995,521.912,524.497,524.497
0.000545218	-87685408.64	0,1.37945e-05,3.31784e-05,6.04165e-05,9.86914e-05,0.000152475,0.000228051,0.000334251,0.000483482,0.00069318,0.000987847,0.00140191,0.00198375,0.00280135,0.00395023,0.00556464,0.00783319,0.0110209,0.0155004,0.0217948,inf	77.4917,77.4917,209.781,342.842,506.003,626.42,637.252,570.854,497.004,444.981,417.704,412.17,425.956,457.158,497.778,530.344,547.095,554.383,562.082,562.082
0.000564597	-87674501.06	0,1.37945e-05,3.31784e-05,6.04165e-05,9.86914e-05,0.000152475,0.000228051,0.000334251,0.000483482,0.00069318,0.000987847,0.00140191,0.00198375,0.00280135,0.00395023,0.00556464,0.00783319,0.0110209,0.0155004,0.0217948,inf	46.1828,46.1828,159.992,293.221,493.392,663.881,689.275,602.231,504.671,437.774,403.299,395.586,411.102,449.041,502.273,547.929,573.503,586.81,603.079,603.079
0.000583897	-87666652.81	0,1.37945e-05,3.31784e-05,6.04165e-05,9.86914e-05,0.000152475,0.000228051,0.000334251,0.000483482,0.00069318,0.000987847,0.00140191,0.00198375,0.00280135,0.00395023,0.00556464,0.00783319,0.0110209,0.0155004,0.0217948,inf	34.473,34.473,133.788,256.894,476.835,687.015,727.995,626.174,511.077,433.77,394.365,384.776,400.694,442.777,505.942,563.424,598.173,619.207,648.703,648.703
0.000602784	-87660455.96	0,1.37945e-05,3.31784e-05,6.04165e-05,9.86914e-05,0.000152475,0.000228051,0.000334251,0.000483482,0.00069318,0.000987847,0.00140191,0.00198375,0.00280135,0.00395023,0.00556464,0.00783319,0.0110209,0.0155004,0.0217948,inf	30.0835,30.0835,120.66,231.085,460.706,701.433,756.948,644.231,516.068,431.455,388.618,377.363,392.896,437.475,508.681,576.984,621.177,651.657,700.86,700.86
0.000621124	-87655308.09	0,1.37945e-05,3.31784e-05,6.04165e-05,9.86914e-05,0.000152475,0.000228051,0.000334251,0.000483482,0.00069318,0.000987847,0.00140191,0.00198375,0.00280135,0.00395023,0.00556464,0.00783319,0.0110209,0.0155004,0.0217948,inf	28.8151,28.8151,115.091,213.071,446.855,710.936,779.063,657.887,519.85,430.111,384.864,372.095,386.746,432.714,510.548,588.821,642.631,684.283,762.736,762.736
0.00063887	-87650901.81	0,1.37945e-05,3.31784e-05,6.04165e-05,9.86914e-05,0.000152475,0.000228051,0.000334251,0.000483482,0.00069318,0.000987847,0.00140191,0.00198375,0.00280135,0.00395023,0.00556464,0.00783319,0.0110209,0.0155004,0.0217948,inf	28.9716,28.9716,114.068,200.67,435.774,717.807,796.418,668.282,522.664,429.359,382.423,368.255,381.7,428.286,511.655,599.152,662.667,717.227,840.296,840.296
0.000656018	-87647057.02	0,1.37945e-05,3.31784e-05,6.04165e-05,9.86914e-05,0.000152475,0.000228051,0.000334251,0.000483482,0.00069318,0.000987847,0.00140191,0.00198375,0.00280135,0.00395023,0.00556464,0.00783319,0.0110209,0.0155004,0.0217948,inf	29.7518,29.7518,115.851,192.28,427.352,723.347,810.42,676.241,524.713,428.981,380.881,365.409,377.438,424.09,512.119,608.177,681.409,750.649,946.626,946.626
0.000672582	-87643656.67	0,1.37945e-05,3.31784e-05,6.04165e-05,9.86914e-05,0.000152475,0.000228051,0.000334251,0.000483482,0.00069318,0.000987847,0.00140191,0.00198375,0.00280135,0.00395023,0.00556464,0.00783319,0.0110209,0.0155004,0.0217948,inf	30.7369,30.7369,119.37,186.762,421.257,728.269,822.009,682.35,526.154,428.843,379.975,363.281,373.756,420.072,512.053,616.075,698.978,784.714,1120.59,1120.59
0.000688586	-87640618.80	0,1.37945e-05,3.31784e-05,6.04165e-05,9.86914e-05,0.000152475,0.000228051,0.000334251,0.000483482,0.00069318,0.000987847,0.00140191,0.00198375,0.00280135,0.00395023,0.00556464,0.00783319,0.0110209,0.0155004,0.0217948,inf	31.708,31.708,123.948,183.312,417.112,732.955,831.82,687.036,527.11,428.862,379.528,361.687,370.521,416.208,511.554,623,715.479,819.584,1578.18,1578.18
0.000704057	-87637882.64	0,1.37945e-05,3.31784e-05,6.04165e-05,9.86914e-05,0.000152475,0.000228051,0.000334251,0.000483482,0.00069318,0.000987847,0.00140191,0.00198375,0.00280135,0.00395023,0.00556464,0.00783319,0.0110209,0.0155004,0.0217948,inf	32.5577,32.5577,129.14,181.366,414.566,737.6,840.29,690.608,527.675,428.982,379.422,360.5,367.642,412.481,510.704,629.084,731.004,855.302,5944.25,5944.25
0.000718186	-87635401.79	0,1.37945e-05,3.31784e-05,6.04165e-05,9.86914e-05,0.000152475,0.000228051,0.000334251,0.000483482,0.00069318,0.000987847,0.00140191,0.00198375,0.00280135,0.00395023,0.00556464,0.00783319,0.0110209,0.0155004,0.0217948,inf	33.2407,33.2407,134.59,180.461,413.179,741.112,846.85,692.446,527.39,428.831,379.365,359.514,364.949,408.779,509.455,634.329,745.552,891.672,113935,113935
0.000718186	-87633246.14	0,1.37945e-05,3.31784e-05,6.04165e-05,9.86914e-05,0.000152475,0.000228051,0.000334251,0.000483482,0.00069318,0.000987847,0.00140191,0.00198375,0.00280135,0.00395023,0.00556464,0.00783319,0.0110209,0.0155004,0.0217948,inf	33.5216,33.5216,139.164,179.193,410.172,740.521,847.148,689.616,524.035,426.526,377.601,357.043,360.908,403.578,506.066,637.188,749.49,891.672,113935,113935
0.000718186	-87632992.12	0,1.37945e-05,3.31784e-05,6.04165e-05,9.86914e-05,0.000152475,0.000228051,0.000334251,0.000483482,0.00069318,0.000987847,0.00140191,0.00198375,0.00280135,0.00395023,0.00556464,0.00783319,0.0110209,0.0155004,0.0217948,inf	33.4228,33.4228,142.605,178.014,407.813,741.343,848.183,689.12,522.775,426.052,377.46,355.992,358.046,399.254,503.323,640.376,751.263,891.672,113935,113935
0.000718186	-87632838.65	0,1.37945e-05,3.31784e-05,6.04165e-05,9.86914e-05,0.000152475,0.000228051,0.000334251,0.000483482,0.00069318,0.000987847,0.00140191,0.00198375,0.00280135,0.00395023,0.00556464,0.00783319,0.0110209,0.0155004,0.0217948,inf	33.135,33.135,145.888,176.823,405.538,742.235,848.183,689.166,522.179,426.315,378.112,355.765,355.923,395.662,501.038,643.808,751.263,892.098,113935,113935
0.000718186	-87632733.39	0,1.37945e-05,3.31784e-05,6.04165e-05,9.86914e-05,0.000152475,0.000228051,0.000334251,0.000483482,0.00069318,0.000987847,0.00140191,0.00198375,0.00280135,0.00395023,0.00556464,0.00783319,0.0110209,0.0155004,0.0217948,inf	32.7368,32.7368,146.37,175.667,403.355,743.141,849.061,689.166,521.708,426.651,378.112,355.765,354.337,392.6,499.103,647.308,751.263,892.098,113935,113935
0.000718186	-87632654.04	0,1.37945e-05,3.31784e-05,6.04165e-05,9.86914e-05,0.000152475,0.000228051,0.000334251,0.000483482,0.00069318,0.000987847,0.00140191,0.00198375,0.00280135,0.00395023,0.00556464,0.00783319,0.0110209,0.0155004,0.0217948,inf	32.4443,32.4443,149.338,174.707,401.32,743.965,849.061,689.277,521.343,427.142,378.112,355.765,353.184,389.96,497.457,650.232,751.263,892.098,113935,113935
0.000718186	-87632594.46	0,1.37945e-05,3.31784e-05,6.04165e-05,9.86914e-05,0.000152475,0.000228051,0.000334251,0.000483482,0.00069318,0.000987847,0.00140191,0.00198375,0.00280135,0.00395023,0.00556464,0.00783319,0.0110209,0.0155004,0.0217948,inf	32.0664,32.0664,151.875,173.771,399.421,744.076,850.381,689.277,521.063,427.341,378.112,355.765,352.378,387.666,496.051,652.684,751.263,892.098,113935,113935
0.000718186	-87632549.42	0,1.37945e-05,3.31784e-05,6.04165e-05,9.86914e-05,0.000152475,0.000228051,0.000334251,0.000483482,0.00069318,0.000987847,0.00140191,0.00198375,0.00280135,0.00395023,0.00556464,0.00783319,0.0110209,0.0155004,0.0217948,inf	31.6608,31.6608,154.082,172.883,397.616,744.879,851.412,689.277,520.829,427.507,378.112,355.765,351.859,385.658,494.847,654.746,751.263,892.098,113935,113935
0.000718186	-87632514.81	0,1.37945e-05,3.31784e-05,6.04165e-05,9.86914e-05,0.000152475,0.000228051,0.000334251,0.000483482,0.00069318,0.000987847,0.00140191,0.00198375,0.00280135,0.00395023,0.00556464,0.00783319,0.0110209,0.0155004,0.0217948,inf	31.2571,31.2571,156.008,172.029,395.849,745.553,852.197,689.302,520.647,427.651,378.421,355.765,351.571,383.885,493.809,656.485,751.263,892.098,113935,113935
