0.00066638	-105595267.75	0,1.74245e-05,4.19092e-05,7.6315e-05,0.000124662,0.000192599,0.000288063,0.000422208,0.000610709,0.000875589,0.0012478,0.00177082,0.00250577,0.00353852,0.00498973,0.00702896,0.00989448,0.0139211,0.0195792,0.0275301,inf	85.3163,85.3163,157.213,214.857,259.082,288.139,306.093,319.701,333.782,350.182,369.436,390.868,411.058,423.666,425.816,421.471,414.504,407.322,403.27,403.27
0.000687287	-105563413.57	0,1.74245e-05,4.19092e-05,7.6315e-05,0.000124662,0.000192599,0.000288063,0.000422208,0.000610709,0.000875589,0.0012478,0.00177082,0.00250577,0.00353852,0.00498973,0.00702896,0.00989448,0.0139211,0.0195792,0.0275301,inf	31.9822,31.9822,94.5668,162.613,222.009,260.759,281.651,295.775,311.615,332.278,358.909,391.396,425.595,450.383,457.51,451.744,439.649,426.227,418.756,418.756
0.000706437	-105548327.60	0,1.74245e-05,4.19092e-05,7.6315e-05,0.000124662,0.000192599,0.000288063,0.000422208,0.000610709,0.000875589,0.0012478,0.00177082,0.00250577,0.00353852,0.00498973,0.00702896,0.00989448,0.0139211,0.0195792,0.0275301,inf	17.0783,17.0783,69.9911,141.72,210.868,255.376,275.737,286.994,301.004,321.842,351.157,389.67,433.889,469.918,483.657,478.675,463.068,444.315,434.076,434.076
0.000723988	-105539255.06	0,1.74245e-05,4.19092e-05,7.6315e-05,0.000124662,0.000192599,0.000288063,0.000422208,0.000610709,0.000875589,0.0012478,0.00177082,0.00250577,0.00353852,0.00498973,0.00702896,0.00989448,0.0139211,0.0195792,0.0275301,inf	11.6085,11.6085,58.0915,131.818,208.776,257.924,276.966,284.568,295.688,315.148,344.974,386.704,438.118,484.186,505.322,502.706,484.943,461.684,449.314,449.314
0.000740258	-105533062.72	0,1.74245e-05,4.19092e-05,7.6315e-05,0.000124662,0.000192599,0.000288063,0.000422208,0.000610709,0.000875589,0.0012478,0.00177082,0.00250577,0.00353852,0.00498973,0.00702896,0.00989448,0.0139211,0.0195792,0.0275301,inf	9.26021,9.26021,51.5362,126.409,209.823,263.135,280.932,285.014,293.127,310.663,339.931,383.201,439.754,494.608,523.39,524.242,505.443,478.429,464.551,464.551
0.000755521	-105528485.26	0,1.74245e-05,4.19092e-05,7.6315e-05,0.000124662,0.000192599,0.000288063,0.000422208,0.000610709,0.000875589,0.0012478,0.00177082,0.00250577,0.00353852,0.00498973,0.00702896,0.00989448,0.0139211,0.0195792,0.0275301,inf	8.20454,8.20454,47.6576,123.067,211.706,268.821,285.725,286.763,292.123,307.628,335.812,379.578,439.747,502.203,538.559,543.627,524.715,494.624,479.852,479.852
0.000769983	-105524908.38	0,1.74245e-05,4.19092e-05,7.6315e-05,0.000124662,0.000192599,0.000288063,0.000422208,0.000610709,0.000875589,0.0012478,0.00177082,0.00250577,0.00353852,0.00498973,0.00702896,0.00989448,0.0139211,0.0195792,0.0275301,inf	7.76088,7.76088,45.2994,120.816,213.554,274.093,290.491,289.055,292.045,305.611,332.463,376.06,438.708,507.696,551.374,561.147,542.879,510.33,495.291,495.291
0.000783798	-105521995.76	0,1.74245e-05,4.19092e-05,7.6315e-05,0.000124662,0.000192599,0.000288063,0.000422208,0.000610709,0.000875589,0.0012478,0.00177082,0.00250577,0.00353852,0.00498973,0.00702896,0.00989448,0.0139211,0.0195792,0.0275301,inf	7.64053,7.64053,43.8972,119.251,215.1,278.642,294.868,291.505,292.538,304.336,329.762,372.757,437.029,511.608,562.262,577.039,560.038,525.597,510.925,510.925
0.000797079	-105519547.26	0,1.74245e-05,4.19092e-05,7.6315e-05,0.000124662,0.000192599,0.000288063,0.000422208,0.000610709,0.000875589,0.0012478,0.00177082,0.00250577,0.00353852,0.00498973,0.00702896,0.00989448,0.0139211,0.0195792,0.0275301,inf	7.69125,7.69125,43.1448,118.194,216.327,282.429,298.723,293.917,293.383,303.616,327.603,369.717,434.962,514.317,571.556,591.503,576.278,540.463,526.795,526.795
0.000809909	-105517436.52	0,1.74245e-05,4.19092e-05,7.6315e-05,0.000124662,0.000192599,0.000288063,0.000422208,0.000610709,0.000875589,0.0012478,0.00177082,0.00250577,0.00353852,0.00498973,0.00702896,0.00989448,0.0139211,0.0195792,0.0275301,inf	7.83568,7.83568,42.8462,117.555,217.305,285.523,302.039,296.193,294.44,303.313,325.897,366.948,432.671,516.1,579.522,604.706,591.671,554.96,542.98,542.98
0.000822354	-105515579.87	0,1.74245e-05,4.19092e-05,7.6315e-05,0.000124662,0.000192599,0.000288063,0.000422208,0.000610709,0.000875589,0.0012478,0.00177082,0.00250577,0.00353852,0.00498973,0.00702896,0.00989448,0.0139211,0.0195792,0.0275301,inf	8.02002,8.02002,42.8811,117.278,218.123,288.036,304.849,298.285,295.619,303.327,324.568,364.442,430.264,517.164,586.372,616.788,606.279,569.115,559.556,559.556
0.000834462	-105513920.04	0,1.74245e-05,4.19092e-05,7.6315e-05,0.000124662,0.000192599,0.000288063,0.000422208,0.000610709,0.000875589,0.0012478,0.00177082,0.00250577,0.00353852,0.00498973,0.00702896,0.00989448,0.0139211,0.0195792,0.0275301,inf	8.22741,8.22741,43.1625,117.321,218.863,290.08,307.204,300.177,296.856,303.581,323.553,362.183,427.811,517.665,592.278,627.871,620.158,582.95,576.592,576.592
0.000846273	-105512416.44	0,1.74245e-05,4.19092e-05,7.6315e-05,0.000124662,0.000192599,0.000288063,0.000422208,0.000610709,0.000875589,0.0012478,0.00177082,0.00250577,0.00353852,0.00498973,0.00702896,0.00989448,0.0139211,0.0195792,0.0275301,inf	8.4313,8.4313,43.6225,117.641,219.588,291.758,309.165,301.865,298.109,304.015,322.798,360.149,425.359,517.722,597.38,638.058,633.355,596.482,594.156,594.156
0.000857818	-105511039.70	0,1.74245e-05,4.19092e-05,7.6315e-05,0.000124662,0.000192599,0.000288063,0.000422208,0.000610709,0.000875589,0.0012478,0.00177082,0.00250577,0.00353852,0.00498973,0.00702896,0.00989448,0.0139211,0.0195792,0.0275301,inf	8.61751,8.61751,44.2164,118.204,220.341,293.16,310.787,303.358,299.348,304.583,322.26,358.318,422.937,517.428,601.793,647.44,645.913,609.723,612.352,612.352
0.000869123	-105509767.98	0,1.74245e-05,4.19092e-05,7.6315e-05,0.000124662,0.000192599,0.000288063,0.000422208,0.000610709,0.000875589,0.0012478,0.00177082,0.00250577,0.00353852,0.00498973,0.00702896,0.00989448,0.0139211,0.0195792,0.0275301,inf	8.78358,8.78358,44.9011,118.973,221.153,294.355,312.125,304.668,300.555,305.251,321.901,356.67,420.565,516.855,605.612,656.095,657.869,622.69,631.284,631.284
0.000880208	-105508584.68	0,1.74245e-05,4.19092e-05,7.6315e-05,0.000124662,0.000192599,0.000288063,0.000422208,0.000610709,0.000875589,0.0012478,0.00177082,0.00250577,0.00353852,0.00498973,0.00702896,0.00989448,0.0139211,0.0195792,0.0275301,inf	8.93531,8.93531,45.6539,119.916,222.039,295.401,313.224,305.809,301.716,305.992,321.693,355.186,418.255,516.059,608.918,664.091,669.257,635.385,651.081,651.081
0.000891092	-105507476.90	0,1.74245e-05,4.19092e-05,7.6315e-05,0.000124662,0.000192599,0.000288063,0.000422208,0.000610709,0.000875589,0.0012478,0.00177082,0.00250577,0.00353852,0.00498973,0.00702896,0.00989448,0.0139211,0.0195792,0.0275301,inf	9.07027,9.07027,46.4482,121.005,223.008,296.342,314.124,306.797,302.823,306.782,321.611,353.849,416.014,515.086,611.778,671.489,680.108,647.819,671.908,671.908
0.000901788	-105506434.53	0,1.74245e-05,4.19092e-05,7.6315e-05,0.000124662,0.000192599,0.000288063,0.000422208,0.000610709,0.000875589,0.0012478,0.00177082,0.00250577,0.00353852,0.00498973,0.00702896,0.00989448,0.0139211,0.0195792,0.0275301,inf	9.18706,9.18706,47.266,122.21,224.064,297.212,314.862,307.646,303.872,307.606,321.632,352.642,413.846,513.972,614.248,678.342,690.451,659.997,693.959,693.959
0.000912311	-105505449.50	0,1.74245e-05,4.19092e-05,7.6315e-05,0.000124662,0.000192599,0.000288063,0.000422208,0.000610709,0.000875589,0.0012478,0.00177082,0.00250577,0.00353852,0.00498973,0.00702896,0.00989448,0.0139211,0.0195792,0.0275301,inf	9.28261,9.28261,48.0934,123.511,225.201,298.038,315.464,308.372,304.861,308.451,321.741,351.552,411.752,512.747,616.377,684.697,700.311,671.923,717.492,717.492
0.000922672	-105504515.25	0,1.74245e-05,4.19092e-05,7.6315e-05,0.000124662,0.000192599,0.000288063,0.000422208,0.000610709,0.000875589,0.0012478,0.00177082,0.00250577,0.00353852,0.00498973,0.00702896,0.00989448,0.0139211,0.0195792,0.0275301,inf	9.36861,9.36861,48.92,124.885,226.416,298.838,315.957,308.986,305.789,309.306,321.922,350.566,409.731,511.432,618.205,690.596,709.71,683.602,742.817,742.817
