0.000673982	-117951186.70	0,1.75881e-05,4.23027e-05,7.70316e-05,0.000125832,0.000194407,0.000290767,0.000426173,0.000616443,0.000883811,0.00125951,0.00178745,0.0025293,0.00357174,0.00503658,0.00709496,0.00998738,0.0140518,0.0197631,0.0277886,inf	87.5981,87.5981,160.958,214.262,256.297,284.731,302.861,315.366,327.88,342.977,361.891,384.479,407.556,423.422,427.2,422.808,415.251,407.466,402.397,402.397
0.000696438	-117913994.79	0,1.75881e-05,4.23027e-05,7.70316e-05,0.000125832,0.000194407,0.000290767,0.000426173,0.000616443,0.000883811,0.00125951,0.00178745,0.0025293,0.00357174,0.00503658,0.00709496,0.00998738,0.0140518,0.0197631,0.0277886,inf	33.9311,33.9311,101.203,163.692,219.892,258.349,280.446,293.024,306.116,324.114,349.382,382.794,421.254,452.138,463.003,457.668,444.698,430.234,420.781,420.781
0.000716977	-117896424.02	0,1.75881e-05,4.23027e-05,7.70316e-05,0.000125832,0.000194407,0.000290767,0.000426173,0.000616443,0.000883811,0.00125951,0.00178745,0.0025293,0.00357174,0.00503658,0.00709496,0.00998738,0.0140518,0.0197631,0.0277886,inf	18.2754,18.2754,78.2421,143.552,208.518,253.333,276.381,286.062,296.523,313.599,340.547,379.349,428.357,472.789,492.529,488.819,472.326,452.268,439.181,439.181
0.000735763	-117885920.24	0,1.75881e-05,4.23027e-05,7.70316e-05,0.000125832,0.000194407,0.000290767,0.000426173,0.000616443,0.000883811,0.00125951,0.00178745,0.0025293,0.00357174,0.00503658,0.00709496,0.00998738,0.0140518,0.0197631,0.0277886,inf	12.2013,12.2013,67.5259,133.902,205.511,255.568,278.994,285.252,292.316,307.177,333.783,375.085,431.337,487.623,517,516.729,498.294,473.65,457.715,457.715
0.000753134	-117878810.60	0,1.75881e-05,4.23027e-05,7.70316e-05,0.000125832,0.000194407,0.000290767,0.000426173,0.000616443,0.000883811,0.00125951,0.00178745,0.0025293,0.00357174,0.00503658,0.00709496,0.00998738,0.0140518,0.0197631,0.0277886,inf	9.4071,9.4071,61.9907,128.5,205.256,259.953,283.883,287.021,290.792,303.106,328.463,370.62,431.794,498.272,537.432,541.837,522.763,494.462,476.508,476.508
0.000769382	-117873605.67	0,1.75881e-05,4.23027e-05,7.70316e-05,0.000125832,0.000194407,0.000290767,0.000426173,0.000616443,0.000883811,0.00125951,0.00178745,0.0025293,0.00357174,0.00503658,0.00709496,0.00998738,0.0140518,0.0197631,0.0277886,inf	7.99821,7.99821,59.0559,125.071,205.692,264.497,289.219,289.807,290.704,300.536,324.257,366.291,430.725,505.884,554.622,564.523,545.877,514.779,495.68,495.68
0.000784728	-117869579.33	0,1.75881e-05,4.23027e-05,7.70316e-05,0.000125832,0.000194407,0.000290767,0.000426173,0.000616443,0.000883811,0.00125951,0.00178745,0.0025293,0.00357174,0.00503658,0.00709496,0.00998738,0.0140518,0.0197631,0.0277886,inf	7.26503,7.26503,57.605,122.717,206.115,268.475,294.245,292.888,291.416,298.988,320.94,362.261,428.749,511.267,569.19,585.108,567.759,534.661,515.361,515.361
0.000799336	-117866333.31	0,1.75881e-05,4.23027e-05,7.70316e-05,0.000125832,0.000194407,0.000290767,0.000426173,0.000616443,0.000883811,0.00125951,0.00178745,0.0025293,0.00357174,0.00503658,0.00709496,0.00998738,0.0140518,0.0197631,0.0277886,inf	6.89528,6.89528,57.0801,121.066,206.35,271.704,298.682,295.921,292.577,298.165,318.346,358.593,426.25,514.989,581.62,603.857,588.514,554.158,535.7,535.7
0.000813327	-117863630.80	0,1.75881e-05,4.23027e-05,7.70316e-05,0.000125832,0.000194407,0.000290767,0.000426173,0.000616443,0.000883811,0.00125951,0.00178745,0.0025293,0.00357174,0.00503658,0.00709496,0.00998738,0.0140518,0.0197631,0.0277886,inf	6.73692,6.73692,57.1665,119.944,206.421,274.22,302.464,298.749,293.979,297.866,316.34,355.294,423.468,517.46,592.287,620.996,608.232,573.321,556.871,556.871
0.000826792	-117861322.62	0,1.75881e-05,4.23027e-05,7.70316e-05,0.000125832,0.000194407,0.000290767,0.000426173,0.000616443,0.000883811,0.00125951,0.00178745,0.0025293,0.00357174,0.00503658,0.00709496,0.00998738,0.0140518,0.0197631,0.0277886,inf	6.70164,6.70164,57.6669,119.257,206.405,276.141,305.624,301.304,295.496,297.951,314.812,352.348,420.554,518.976,601.489,636.713,626.991,592.188,579.073,579.073
0.000839802	-117859310.49	0,1.75881e-05,4.23027e-05,7.70316e-05,0.000125832,0.000194407,0.000290767,0.000426173,0.000616443,0.000883811,0.00125951,0.00178745,0.0025293,0.00357174,0.00503658,0.00709496,0.00998738,0.0140518,0.0197631,0.0277886,inf	6.73772,6.73772,58.4448,118.937,206.381,277.599,308.233,303.568,297.048,298.315,313.676,349.728,417.602,519.757,609.464,651.169,644.862,610.793,602.555,602.555
0.000852409	-117857527.26	0,1.75881e-05,4.23027e-05,7.70316e-05,0.000125832,0.000194407,0.000290767,0.000426173,0.000616443,0.000883811,0.00125951,0.00178745,0.0025293,0.00357174,0.00503658,0.00709496,0.00998738,0.0140518,0.0197631,0.0277886,inf	6.81686,6.81686,59.4076,118.93,206.411,278.715,310.369,305.547,298.583,298.883,312.859,347.4,414.671,519.967,616.402,664.502,661.903,629.165,627.621,627.621
0.000864657	-117855925.55	0,1.75881e-05,4.23027e-05,7.70316e-05,0.000125832,0.000194407,0.000290767,0.000426173,0.000616443,0.000883811,0.00125951,0.00178745,0.0025293,0.00357174,0.00503658,0.00709496,0.00998738,0.0140518,0.0197631,0.0277886,inf	6.9169,6.9169,60.4837,119.19,206.535,279.589,312.111,307.258,300.068,299.597,312.304,345.334,411.798,519.731,622.459,676.829,678.17,647.334,654.679,654.679
0.00087658	-117854471.13	0,1.75881e-05,4.23027e-05,7.70316e-05,0.000125832,0.000194407,0.000290767,0.000426173,0.000616443,0.000883811,0.00125951,0.00178745,0.0025293,0.00357174,0.00503658,0.00709496,0.00998738,0.0140518,0.0197631,0.0277886,inf	7.02769,7.02769,61.6228,119.673,206.774,280.302,313.528,308.722,301.483,300.414,311.962,343.499,409.004,519.145,627.762,688.253,693.71,665.324,684.295,684.295
0.000888208	-117853138.52	0,1.75881e-05,4.23027e-05,7.70316e-05,0.000125832,0.000194407,0.000290767,0.000426173,0.000616443,0.000883811,0.00125951,0.00178745,0.0025293,0.00357174,0.00503658,0.00709496,0.00998738,0.0140518,0.0197631,0.0277886,inf	7.14115,7.14115,62.7841,120.34,207.143,280.914,314.681,309.964,302.817,301.3,311.796,341.868,406.302,518.283,632.416,698.862,708.567,683.16,717.248,717.248
0.000899564	-117851908.39	0,1.75881e-05,4.23027e-05,7.70316e-05,0.000125832,0.000194407,0.000290767,0.000426173,0.000616443,0.000883811,0.00125951,0.00178745,0.0025293,0.00357174,0.00503658,0.00709496,0.00998738,0.0140518,0.0197631,0.0277886,inf	7.25421,7.25421,63.9382,121.155,207.638,281.471,315.62,311.008,304.064,302.23,311.773,340.419,403.698,517.203,636.509,708.735,722.781,700.858,754.777,754.777
0.000910669	-117850765.81	0,1.75881e-05,4.23027e-05,7.70316e-05,0.000125832,0.000194407,0.000290767,0.000426173,0.000616443,0.000883811,0.00125951,0.00178745,0.0025293,0.00357174,0.00503658,0.00709496,0.00998738,0.0140518,0.0197631,0.0277886,inf	7.36356,7.36356,65.0659,122.09,208.256,282.005,316.389,311.877,305.22,303.186,311.869,339.13,401.194,515.951,640.114,717.939,736.387,718.437,798.758,798.758
0.000921539	-117849698.99	0,1.75881e-05,4.23027e-05,7.70316e-05,0.000125832,0.000194407,0.000290767,0.000426173,0.000616443,0.000883811,0.00125951,0.00178745,0.0025293,0.00357174,0.00503658,0.00709496,0.00998738,0.0140518,0.0197631,0.0277886,inf	7.47094,7.47094,66.1534,123.119,208.986,282.54,317.022,312.592,306.289,304.153,312.062,337.982,398.791,514.564,643.293,726.535,749.418,735.916,852.75,852.75
0.000932189	-117848698.49	0,1.75881e-05,4.23027e-05,7.70316e-05,0.000125832,0.000194407,0.000290767,0.000426173,0.000616443,0.000883811,0.00125951,0.00178745,0.0025293,0.00357174,0.00503658,0.00709496,0.00998738,0.0140518,0.0197631,0.0277886,inf	7.5759,7.5759,67.1909,124.218,209.819,283.092,317.549,313.173,307.271,305.119,312.336,336.96,396.485,513.071,646.098,734.576,761.902,753.311,923.445,923.445
0.000942632	-117847756.63	0,1.75881e-05,4.23027e-05,7.70316e-05,0.000125832,0.000194407,0.000290767,0.000426173,0.000616443,0.000883811,0.00125951,0.00178745,0.0025293,0.00357174,0.00503658,0.00709496,0.00998738,0.0140518,0.0197631,0.0277886,inf	7.68094,7.68094,68.1739,125.37,210.739,283.672,317.991,313.637,308.171,306.078,312.675,336.049,394.274,511.496,648.574,742.109,773.868,770.614,1028.21,1028.21
