0.000511163	-83304182.89	0,1.34089e-05,3.22511e-05,5.8728e-05,9.59332e-05,0.000148214,0.000221678,0.000324909,0.000469969,0.000673807,0.000960238,0.00136273,0.00192831,0.00272306,0.00383983,0.00540912,0.00761427,0.0107129,0.0150672,0.0211857,inf	231.137,231.137,366.834,456.44,538.614,591.191,586.303,546.007,502.855,471.082,453.35,449.001,457.672,478.015,503.215,521.529,529.765,531.876,532.821,532.821
0.000529096	-83285714.79	0,1.34089e-05,3.22511e-05,5.8728e-05,9.59332e-05,0.000148214,0.000221678,0.000324909,0.000469969,0.000673807,0.000960238,0.00136273,0.00192831,0.00272306,0.00383983,0.00540912,0.00761427,0.0107129,0.0150672,0.0211857,inf	134.52,134.52,286.301,408.091,546.785,653.822,655.322,585.421,510.21,456.664,427.454,419.535,431.648,463.109,505.626,538.796,554.884,559.974,563.366,563.366
0.000547969	-83274979.94	0,1.34089e-05,3.22511e-05,5.8728e-05,9.59332e-05,0.000148214,0.000221678,0.000324909,0.000469969,0.000673807,0.000960238,0.00136273,0.00192831,0.00272306,0.00383983,0.00540912,0.00761427,0.0107129,0.0150672,0.0211857,inf	96.8674,96.8674,239.821,366.009,538.704,693.596,707.616,617.033,518.393,449.76,412.783,401.882,415.103,453.123,508.555,554.541,578.476,587.636,595.465,595.465
0.0005669	-83267351.73	0,1.34089e-05,3.22511e-05,5.8728e-05,9.59332e-05,0.000148214,0.000221678,0.000324909,0.000469969,0.000673807,0.000960238,0.00136273,0.00192831,0.00272306,0.00383983,0.00540912,0.00761427,0.0107129,0.0150672,0.0211857,inf	81.8883,81.8883,214.344,333.113,524.103,717.669,746.045,641.109,525.429,446.312,403.942,390.487,403.607,445.599,511.153,568.558,600.424,614.792,629.503,629.503
0.000585513	-83261324.46	0,1.34089e-05,3.22511e-05,5.8728e-05,9.59332e-05,0.000148214,0.000221678,0.000324909,0.000469969,0.000673807,0.000960238,0.00136273,0.00192831,0.00272306,0.00383983,0.00540912,0.00761427,0.0107129,0.0150672,0.0211857,inf	76.7135,76.7135,201.806,308.905,508.567,732.315,774.422,659.203,531.032,444.611,398.425,382.723,395.051,439.4,513.139,580.899,620.768,641.461,666.05,666.05
0.000603649	-83256289.79	0,1.34089e-05,3.22511e-05,5.8728e-05,9.59332e-05,0.000148214,0.000221678,0.000324909,0.000469969,0.000673807,0.000960238,0.00136273,0.00192831,0.00272306,0.00383983,0.00540912,0.00761427,0.0107129,0.0150672,0.0211857,inf	76.0738,76.0738,197.308,291.725,494.6,741.713,795.849,672.826,535.361,443.865,394.942,377.219,388.333,433.971,514.463,591.71,639.61,667.701,705.905,705.905
0.000621246	-83251952.23	0,1.34089e-05,3.22511e-05,5.8728e-05,9.59332e-05,0.000148214,0.000221678,0.000324909,0.000469969,0.000673807,0.000960238,0.00136273,0.00192831,0.00272306,0.00383983,0.00540912,0.00761427,0.0107129,0.0150672,0.0211857,inf	77.482,77.482,197.859,279.866,483.023,748.351,812.505,683.145,538.649,443.665,392.772,373.202,382.84,429.028,515.171,601.165,657.071,693.586,750.226,750.226
0.000638289	-83248143.92	0,1.34089e-05,3.22511e-05,5.8728e-05,9.59332e-05,0.000148214,0.000221678,0.000324909,0.000469969,0.000673807,0.000960238,0.00136273,0.00192831,0.00272306,0.00383983,0.00540912,0.00761427,0.0107129,0.0150672,0.0211857,inf	79.6941,79.6941,201.6,271.922,473.911,753.632,825.849,691.007,541.104,443.786,391.484,370.21,378.209,424.42,515.34,609.435,673.277,719.194,800.773,800.773
0.000654784	-83244757.26	0,1.34089e-05,3.22511e-05,5.8728e-05,9.59332e-05,0.000148214,0.000221678,0.000324909,0.000469969,0.000673807,0.000960238,0.00136273,0.00192831,0.00272306,0.00383983,0.00540912,0.00761427,0.0107129,0.0150672,0.0211857,inf	82.0342,82.0342,207.334,266.826,467.021,758.32,836.842,697.014,542.893,444.096,390.81,367.951,374.211,420.065,515.052,616.675,688.348,744.61,860.434,860.434
0.00067075	-83241717.12	0,1.34089e-05,3.22511e-05,5.8728e-05,9.59332e-05,0.000148214,0.000221678,0.000324909,0.000469969,0.000673807,0.000960238,0.00136273,0.00192831,0.00272306,0.00383983,0.00540912,0.00761427,0.0107129,0.0150672,0.0211857,inf	84.166,84.166,214.272,263.792,462.032,762.818,846.127,701.598,544.148,444.519,390.573,366.236,370.701,415.917,514.384,623.022,702.392,769.916,934.441,934.441
0.00068621	-83238967.89	0,1.34089e-05,3.22511e-05,5.8728e-05,9.59332e-05,0.000148214,0.000221678,0.000324909,0.000469969,0.000673807,0.000960238,0.00136273,0.00192831,0.00272306,0.00383983,0.00540912,0.00761427,0.0107129,0.0150672,0.0211857,inf	85.9468,85.9468,221.878,262.256,458.624,767.328,854.139,705.075,544.972,445.004,390.655,364.933,367.576,411.949,513.405,628.596,715.51,795.187,1033.83,1033.83
0.000701188	-83236466.78	0,1.34089e-05,3.22511e-05,5.8728e-05,9.59332e-05,0.000148214,0.000221678,0.000324909,0.000469969,0.000673807,0.000960238,0.00136273,0.00192831,0.00272306,0.00383983,0.00540912,0.00761427,0.0107129,0.0150672,0.0211857,inf	87.3483,87.3483,229.796,261.805,456.512,771.944,861.179,707.677,545.444,445.52,390.974,363.951,364.765,408.144,512.173,633.501,727.79,820.497,1188.8,1188.8
0.00071571	-83234179.85	0,1.34089e-05,3.22511e-05,5.8728e-05,9.59332e-05,0.000148214,0.000221678,0.000324909,0.000469969,0.000673807,0.000960238,0.00136273,0.00192831,0.00272306,0.00383983,0.00540912,0.00761427,0.0107129,0.0150672,0.0211857,inf	88.4117,88.4117,237.776,262.136,455.454,776.699,867.46,709.58,545.629,446.047,391.47,363.224,362.218,404.488,510.738,637.824,739.31,845.901,1538.18,1538.18
0.0007298	-83232079.44	0,1.34089e-05,3.22511e-05,5.8728e-05,9.59332e-05,0.000148214,0.000221678,0.000324909,0.000469969,0.000673807,0.000960238,0.00136273,0.00192831,0.00272306,0.00383983,0.00540912,0.00761427,0.0107129,0.0150672,0.0211857,inf	89.1901,89.1901,245.653,263.033,455.254,781.598,873.137,710.921,545.579,446.571,392.1,362.701,359.893,400.974,509.141,641.639,750.137,871.383,3752.94,3752.94
0.0007298	-83230142.30	0,1.34089e-05,3.22511e-05,5.8728e-05,9.59332e-05,0.000148214,0.000221678,0.000324909,0.000469969,0.000673807,0.000960238,0.00136273,0.00192831,0.00272306,0.00383983,0.00540912,0.00761427,0.0107129,0.0150672,0.0211857,inf	89.1598,89.1598,251.591,262.576,452.66,780.873,871.7,706.758,541.79,444.396,390.635,360.5,356.15,395.993,505.46,643.132,758.938,895.916,117247,117247
0.0007298	-83229858.52	0,1.34089e-05,3.22511e-05,5.8728e-05,9.59332e-05,0.000148214,0.000221678,0.000324909,0.000469969,0.000673807,0.000960238,0.00136273,0.00192831,0.00272306,0.00383983,0.00540912,0.00761427,0.0107129,0.0150672,0.0211857,inf	88.5824,88.5824,254.825,262.17,450.896,782.133,871.843,705.309,540.258,444.09,390.758,359.643,353.479,391.777,502.399,644.972,761.721,895.916,117247,117247
0.0007298	-83229694.70	0,1.34089e-05,3.22511e-05,5.8728e-05,9.59332e-05,0.000148214,0.000221678,0.000324909,0.000469969,0.000673807,0.000960238,0.00136273,0.00192831,0.00272306,0.00383983,0.00540912,0.00761427,0.0107129,0.0150672,0.0211857,inf	87.9,87.9,255.798,261.651,449.183,783.614,871.843,704.602,539.433,444.489,391.147,359.534,351.494,388.253,499.812,647.103,763.314,895.916,117247,117247
0.0007298	-83229580.02	0,1.34089e-05,3.22511e-05,5.8728e-05,9.59332e-05,0.000148214,0.000221678,0.000324909,0.000469969,0.000673807,0.000960238,0.00136273,0.00192831,0.00272306,0.00383983,0.00540912,0.00761427,0.0107129,0.0150672,0.0211857,inf	87.357,87.357,260.236,261.202,447.533,785.205,871.985,704.086,538.832,445.178,391.147,359.534,350.026,385.245,497.589,649.458,764.224,895.916,117247,117247
0.0007298	-83229495.18	0,1.34089e-05,3.22511e-05,5.8728e-05,9.59332e-05,0.000148214,0.000221678,0.000324909,0.000469969,0.000673807,0.000960238,0.00136273,0.00192831,0.00272306,0.00383983,0.00540912,0.00761427,0.0107129,0.0150672,0.0211857,inf	86.6045,86.6045,263.871,260.527,445.763,786.649,872.236,703.633,538.38,445.178,391.539,359.534,348.973,382.651,495.657,651.992,764.605,895.916,117247,117247
0.0007298	-83229430.10	0,1.34089e-05,3.22511e-05,5.8728e-05,9.59332e-05,0.000148214,0.000221678,0.000324909,0.000469969,0.000673807,0.000960238,0.00136273,0.00192831,0.00272306,0.00383983,0.00540912,0.00761427,0.0107129,0.0150672,0.0211857,inf	85.801,85.801,265.629,259.745,443.926,788.037,872.459,703.266,538.064,445.59,391.539,359.534,348.245,380.385,493.958,654.543,764.653,895.916,117247,117247
