The split time is estimated to be around [0.0, 0.0, 0.0] gens (i.e. 0.25,0.5,0.75 quantile)
Initial Chi-Square distance is 8.407762341085117e+275 and final Chi-Square distance is 9.956573518859572e-05
left_boundaries	IM_lambda00	IM_lambda01	IM_lambda11	IM_rCCR	MSMC_lambda00	MSMC_lambda01	MSMC_lambda11	MSMC_rCCR	msmc_N1	msmc_N2	naive_im_N1	naive_im_N2	im_N1	im_N2
0.0	5.577152560255451e-08	0.0	5.095360736634604e-08	0.0	7.5919175e-07	4.251473799999999e-09	1.2161409999999999e-08	0.011023417081742426	658595.144112143	41113653.762187116	8965148.336862035	9812847.918796053	17902839.37321199	19595642.31208848
699.6356435643565	2.668936027319589e-08	2.6680534570223126e-08	2.6674530169136407e-08	0.9999471308807761	7.5919175e-07	4.251473799999999e-09	1.2161409999999999e-08	0.011023417081742426	658595.144112143	41113653.762187116	8965148.336862035	9812847.918796053	17930291.319283076	19625689.976861957
1732.1386138613861	1.0656572801955865e-08	1.0656394306609333e-08	1.0656542898686557e-08	0.9999846532328568	7.5919175e-07	4.2502214e-09	1.2161409999999999e-08	0.011020169801339767	658595.144112143	41113653.762187116	1.086741091837655	1.0867396568948249	2.1734815346395253	2.1734786647547226
3255.881188118812	2.043494434918403e-07	2.0434602023292727e-07	2.0434886983570772e-07	0.9999846516085608	1.9249186e-06	7.723459899999999e-08	4.2295769999999994e-07	0.06579102911000889	259751.24350712803	1182151.3120579198	1.0501855166018312	1.0501821902678123	2.1003704065765136	2.100363753910461
5504.5841584158425	7.163145619492217e-07	7.163025465970801e-07	7.163125492552938e-07	0.9999846310249311	2.5759807599999996e-06	3.6574827e-07	9.469035829999999e-07	0.20764137246046402	194100.82861022613	528036.8656076783	1.0499384544233876	1.049936869445996	2.099876285348417	2.0998731153945753
8823.148514851486	8.380677394081429e-07	8.380536567551231e-07	8.380653797394932e-07	0.9999846040645012	4.133677499999999e-06	9.314290699999999e-07	1.4157250799999998e-06	0.3356862496719422	120957.6702585047	353175.9146344996	1.076698380155936	1.0845439602513116	2.153396760296304	2.169087920486942
13720.59405940594	2.7663736725739263e-08	2.7663269956359067e-08	2.7663658516977664e-08	0.9999845405699104	7.26123542e-06	2.2880338e-06	2.3655916999999994e-06	0.47534535968689967	68858.80584766937	211363.60936673905	1.0501658032518144	1.0501739107895192	2.100331606498307	2.100347821573717
20948.118811881188	9.583931160606492e-09	9.583769425866205e-09	9.583904058109353e-09	0.9999845383174442	8.912427860000002e-06	3.079692e-06	2.9435379399999994e-06	0.5195176929407134	56101.4358662085	169863.61657020127	1.050139750988431	1.0501230157720542	2.100279501975337	2.1002460315425835
31614.356435643564	2.6129122938225905e-09	2.6128681951618116e-09	2.612904904802063e-09	0.9999845367149369	7.39329797e-06	3.3693499e-06	3.1679144900000005e-06	0.6380611909401924	67628.81761682872	157832.5430116013	1.0726604709526053	1.0726586486073617	2.1453209419046195	2.1453172972141323
47355.24752475248	6.59975441836987e-10	6.599643018465671e-10	6.599735751684568e-10	0.9999845347721414	5.344360459999999e-06	3.4214254999999997e-06	3.1505606699999994e-06	0.8055226052463657	93556.56373522381	158701.91130139388	1.0016289555769538	1.0016288471326558	2.003257911153576	2.0032576942649807
70585.14851485149	2.6156261892905696e-11	2.6155820395397552e-11	2.6156187918280226e-11	0.9999845348402964	4.384989739999999e-06	3.5507964e-06	3.08636406e-06	0.950509504716535	114025.35231473543	162002.92327146916	1.0279716812545954	1.0279717146723113	2.0559433625088612	2.055943429344293
104867.32673267327	8.251181501455496e-23	8.251042235609567e-23	8.251158166500778e-23	0.9999845357238868	3.864047899999998e-06	3.7809753999999996e-06	3.1154813499999995e-06	1.0834471107059265	129397.98184178832	160488.8438828241	1.02800382701795	1.028003685596234	2.0560076540355703	2.0560073711921385
155460.39603960398	6.800045214435381e-32	6.799930439233812e-32	6.800025983385672e-32	0.9999845354226188	3.587311939999999e-06	4.1088315e-06	3.3131878400000002e-06	1.190879394535681	139380.12873226745	150912.05936576176	1.0487546216184773	1.0487546190356098	2.0975092432366185	2.0975092380708835
230123.76237623763	7.824091950794894e-35	7.82395990765529e-35	7.824069824877101e-35	0.9999845374578252	3.7012217599999987e-06	4.5445354e-06	3.875434639999999e-06	1.1996150175161702	135090.5275127314	129017.7867636545	1.0065228307241507	1.0065228282338219	2.0130456614479786	2.013045656467321
340309.900990099	6.800045213666368e-32	6.799930438276154e-32	6.800025980281192e-32	0.9999845355665972	4.62519602e-06	5.2898043000000005e-06	4.9511704900000004e-06	1.1047622904733625	108103.52638848808	100986.22154293861	1.027971683596199	1.0279716810893154	2.0559433671920684	2.055943362178301
502919.801980198	7.824091830157668e-35	7.823959768921508e-35	7.824069702703238e-35	0.9999845352428538	6.442850599999999e-06	6.3361441e-06	6.43063768e-06	0.9843709742360521	77605.40031767926	77752.78671896813	1.0279716835961803	1.0279716810893103	2.055943367192031	2.055943362178291
742895.0495049505	8.740018212649706e-20	8.739870694230458e-20	8.739993495058741e-20	0.9999845355225128	8.66957033e-06	7.2238734999999996e-06	7.374098879999998e-06	0.9005263578355714	57672.98504630737	67804.89496229812	1.0279718261185185	1.027971683422058	2.055943652237037	2.055943366844116
1097039.6039603963	3.1161007569820796e-50	3.1160481523920405e-50	3.116091944268082e-50	0.9999845324959125	2.0475932e-05	8.976960799999999e-06	7.559243999999999e-06	0.6404069516096492	24418.912897346992	66144.18055562172	1.0279718261185185	1.027971683422228	2.055943652237037	2.055943366844456
1619683.1683168318	1.3692913908373989e-95	1.3692682785350984e-95	1.369287518228095e-95	0.9999845350465685	5.2785427999999974e-05	0.00092805365	6.615550499999999e-06	31.247082907901945	9472.31118406391	75579.50014892941	1.0501658062545545	1.0501657455206073	2.100331612509109	2.1003314910412145
2390990.0990099013	1.5833581975242015e-162	1.5833314724486084e-162	1.583353719635989e-162	0.9999845352958352	5.2785427999999994e-05	0.00092805365	5.8988039999999994e-06	31.62872268653018	9472.311184063907	84762.94516651172	1.0501658062545545	1.0501657455206073	2.100331612509109	2.1003314910412145
