0.000675214	-117959826.57	0,1.76068e-05,4.23479e-05,7.71138e-05,0.000125967,0.000194614,0.000291078,0.000426628,0.000617101,0.000884754,0.00126086,0.00178936,0.002532,0.00357556,0.00504196,0.00710253,0.00999804,0.0140668,0.0197842,0.0278182,inf	92.8146,92.8146,168.766,220.761,260.011,286.636,303.81,315.891,327.826,342.665,361.371,383.8,406.766,422.546,427.04,424.325,418.066,411.806,409.867,409.867
0.000698117	-117922950.12	0,1.76068e-05,4.23479e-05,7.71138e-05,0.000125967,0.000194614,0.000291078,0.000426628,0.000617101,0.000884754,0.00126086,0.00178936,0.002532,0.00357556,0.00504196,0.00710253,0.00999804,0.0140668,0.0197842,0.0278182,inf	37.9111,37.9111,110.632,172.815,225.166,261.033,281.758,293.855,306.087,323.801,348.8,381.947,420.131,450.679,462.976,461.407,451.509,440.623,438.582,438.582
0.000719065	-117905444.04	0,1.76068e-05,4.23479e-05,7.71138e-05,0.000125967,0.000194614,0.000291078,0.000426628,0.000617101,0.000884754,0.00126086,0.00178936,0.002532,0.00357556,0.00504196,0.00710253,0.00999804,0.0140668,0.0197842,0.0278182,inf	21.3951,21.3951,88.3601,154.318,214.674,256.354,277.773,287.035,296.447,313.292,339.963,378.425,426.976,470.712,492.565,495.067,483.961,470.223,470.6,470.6
0.00073823	-117894958.04	0,1.76068e-05,4.23479e-05,7.71138e-05,0.000125967,0.000194614,0.000291078,0.000426628,0.000617101,0.000884754,0.00126086,0.00178936,0.002532,0.00357556,0.00504196,0.00710253,0.00999804,0.0140668,0.0197842,0.0278182,inf	14.8979,14.8979,78.0855,145.834,212.202,258.706,280.343,286.301,292.169,306.887,333.233,374.143,429.767,484.927,517.049,525.751,515.627,500.947,507.351,507.351
0.000755952	-117887851.66	0,1.76068e-05,4.23479e-05,7.71138e-05,0.000125967,0.000194614,0.000291078,0.000426628,0.000617101,0.000884754,0.00126086,0.00178936,0.002532,0.00357556,0.00504196,0.00710253,0.00999804,0.0140668,0.0197842,0.0278182,inf	11.9233,11.9233,72.8714,141.269,212.257,263.089,285.134,288.119,290.566,302.843,327.969,369.696,430.085,494.974,537.458,553.876,546.715,533.209,551.174,551.174
0.000772525	-117882643.80	0,1.76068e-05,4.23479e-05,7.71138e-05,0.000125967,0.000194614,0.000291078,0.000426628,0.000617101,0.000884754,0.00126086,0.00178936,0.002532,0.00357556,0.00504196,0.00710253,0.00999804,0.0140668,0.0197842,0.0278182,inf	10.4602,10.4602,70.1776,138.434,212.854,267.569,290.356,290.943,290.396,300.303,323.828,365.407,428.918,502.007,554.599,579.799,577.419,567.517,606.282,606.282
0.000788173	-117878611.28	0,1.76068e-05,4.23479e-05,7.71138e-05,0.000125967,0.000194614,0.000291078,0.000426628,0.000617101,0.000884754,0.00126086,0.00178936,0.002532,0.00357556,0.00504196,0.00710253,0.00999804,0.0140668,0.0197842,0.0278182,inf	9.73533,9.73533,68.9116,136.502,213.342,271.454,295.267,294.058,291.027,298.788,320.58,361.429,426.871,506.836,569.099,603.818,607.919,604.52,681.712,681.712
0.00080306	-117875357.41	0,1.76068e-05,4.23479e-05,7.71138e-05,0.000125967,0.000194614,0.000291078,0.000426628,0.000617101,0.000884754,0.00126086,0.00178936,0.002532,0.00357556,0.00504196,0.00710253,0.00999804,0.0140668,0.0197842,0.0278182,inf	9.40274,9.40274,68.5379,135.155,213.584,274.58,299.599,297.124,292.106,297.996,318.054,357.817,424.324,510.029,581.444,626.18,638.384,645.087,802.623,802.623
0.00081731	-117872646.42	0,1.76068e-05,4.23479e-05,7.71138e-05,0.000125967,0.000194614,0.000291078,0.000426628,0.000617101,0.000884754,0.00126086,0.00178936,0.002532,0.00357556,0.00504196,0.00710253,0.00999804,0.0140668,0.0197842,0.0278182,inf	9.28619,9.28619,68.7553,134.26,213.626,276.997,303.289,299.985,293.428,297.727,316.115,354.579,421.51,511.994,592.013,647.093,668.979,690.427,1091.67,1091.67
0.000831015	-117870329.78	0,1.76068e-05,4.23479e-05,7.71138e-05,0.000125967,0.000194614,0.000291078,0.000426628,0.000617101,0.000884754,0.00126086,0.00178936,0.002532,0.00357556,0.00504196,0.00710253,0.00999804,0.0140668,0.0197842,0.0278182,inf	9.28949,9.28949,69.3771,133.749,213.562,278.825,306.372,302.575,294.864,297.839,314.652,351.695,418.575,513.026,601.104,666.727,699.87,742.279,3202.97,3202.97
0.000843571	-117868309.60	0,1.76068e-05,4.23479e-05,7.71138e-05,0.000125967,0.000194614,0.000291078,0.000426628,0.000617101,0.000884754,0.00126086,0.00178936,0.002532,0.00357556,0.00504196,0.00710253,0.00999804,0.0140668,0.0197842,0.0278182,inf	9.35341,9.35341,70.2592,133.545,213.433,280.139,308.848,304.808,296.271,298.166,313.512,349.064,415.527,513.253,608.878,685.168,731.185,803.262,88977.8,88977.8
0.000843571	-117866578.64	0,1.76068e-05,4.23479e-05,7.71138e-05,0.000125967,0.000194614,0.000291078,0.000426628,0.000617101,0.000884754,0.00126086,0.00178936,0.002532,0.00357556,0.00504196,0.00710253,0.00999804,0.0140668,0.0197842,0.0278182,inf	9.40287,9.40287,70.9802,132.998,212.355,279.826,309.474,305.438,296.442,297.525,311.531,345.518,411.123,511.355,614.356,685.414,731.185,803.262,88977.7,88977.7
0.000843571	-117866313.48	0,1.76068e-05,4.23479e-05,7.71138e-05,0.000125967,0.000194614,0.000291078,0.000426628,0.000617101,0.000884754,0.00126086,0.00178936,0.002532,0.00357556,0.00504196,0.00710253,0.00999804,0.0140668,0.0197842,0.0278182,inf	9.41341,9.41341,71.6068,132.534,211.38,279.569,310.256,306.455,297.296,297.525,310.57,342.944,407.588,509.996,618.307,685.414,731.185,803.262,88977.7,88977.7
0.000843571	-117866148.25	0,1.76068e-05,4.23479e-05,7.71138e-05,0.000125967,0.000194614,0.000291078,0.000426628,0.000617101,0.000884754,0.00126086,0.00178936,0.002532,0.00357556,0.00504196,0.00710253,0.00999804,0.0140668,0.0197842,0.0278182,inf	9.40085,9.40085,72.1419,132.106,210.372,279.103,310.806,307.431,297.504,297.525,310.209,341.075,404.712,509.155,618.311,687.418,731.185,803.262,88977.7,88977.7
0.000843571	-117866058.05	0,1.76068e-05,4.23479e-05,7.71138e-05,0.000125967,0.000194614,0.000291078,0.000426628,0.000617101,0.000884754,0.00126086,0.00178936,0.002532,0.00357556,0.00504196,0.00710253,0.00999804,0.0140668,0.0197842,0.0278182,inf	9.37601,9.37601,72.6269,131.768,209.442,278.586,311.257,308.399,298.734,297.907,310.209,339.218,401.451,508.48,621.117,687.418,731.185,803.262,88977.6,88977.6
0.000843571	-117865958.38	0,1.76068e-05,4.23479e-05,7.71138e-05,0.000125967,0.000194614,0.000291078,0.000426628,0.000617101,0.000884754,0.00126086,0.00178936,0.002532,0.00357556,0.00504196,0.00710253,0.00999804,0.0140668,0.0197842,0.0278182,inf	9.34462,9.34462,73.0701,131.506,208.542,277.898,311.426,309.148,298.979,297.907,310.209,338.349,399.596,508.205,622.565,687.418,731.185,803.262,88977.6,88977.6
0.000843571	-117865912.42	0,1.76068e-05,4.23479e-05,7.71138e-05,0.000125967,0.000194614,0.000291078,0.000426628,0.000617101,0.000884754,0.00126086,0.00178936,0.002532,0.00357556,0.00504196,0.00710253,0.00999804,0.0140668,0.0197842,0.0278182,inf	9.30807,9.30807,73.4834,131.342,207.765,277.236,311.544,309.854,300.193,298.435,310.209,337.277,396.825,508.087,624.443,687.418,731.185,803.262,88977.5,88977.5
0.000843571	-117865852.14	0,1.76068e-05,4.23479e-05,7.71138e-05,0.000125967,0.000194614,0.000291078,0.000426628,0.000617101,0.000884754,0.00126086,0.00178936,0.002532,0.00357556,0.00504196,0.00710253,0.00999804,0.0140668,0.0197842,0.0278182,inf	9.2711,9.2711,73.8906,131.259,207.047,276.49,311.491,310.44,301.363,299.256,310.209,336.68,394.406,508.242,625.724,687.454,731.185,803.262,88977.4,88977.4
0.000843571	-117865808.52	0,1.76068e-05,4.23479e-05,7.71138e-05,0.000125967,0.000194614,0.000291078,0.000426628,0.000617101,0.000884754,0.00126086,0.00178936,0.002532,0.00357556,0.00504196,0.00710253,0.00999804,0.0140668,0.0197842,0.0278182,inf	9.23378,9.23378,74.2324,131.254,206.461,275.718,311.129,310.715,302.303,299.451,310.415,336.569,393.351,508.499,625.732,687.727,731.185,803.262,88977.4,88977.4
0.000843571	-117865794.99	0,1.76068e-05,4.23479e-05,7.71138e-05,0.000125967,0.000194614,0.000291078,0.000426628,0.000617101,0.000884754,0.00126086,0.00178936,0.002532,0.00357556,0.00504196,0.00710253,0.00999804,0.0140668,0.0197842,0.0278182,inf	9.19723,9.19723,74.5694,131.338,205.998,274.995,310.789,310.919,303.212,300.781,310.803,336.447,391.53,508.499,625.732,688.415,731.185,803.262,88977.2,88977.2
