0.000612928	-293862079.70	0,7.03299e-06,1.74121e-05,3.27293e-05,5.5334e-05,8.86934e-05,0.000137924,0.000210578,0.000317798,0.000476031,0.000709547,0.00105416,0.00156274,0.00231328,0.00342091,0.00505552,0.00746784,0.0110279,0.0162817,0.0240351,inf	29.3835,29.3835,66.2538,110.532,166.935,229.321,283.033,321.512,346.662,366.95,387.254,409.11,432.06,451.39,460.685,461.801,459.408,454.724,453.791,453.791
0.000632988	-293790041.30	0,7.03299e-06,1.74121e-05,3.27293e-05,5.5334e-05,8.86934e-05,0.000137924,0.000210578,0.000317798,0.000476031,0.000709547,0.00105416,0.00156274,0.00231328,0.00342091,0.00505552,0.00746784,0.0110279,0.0162817,0.0240351,inf	3.24743,3.24743,16.5056,43.7861,94.1327,167.484,239.289,291.381,322.265,346.194,371.533,401.086,435.21,467.815,487.308,493.367,492.162,485.438,486.804,486.804
0.000650792	-293758984.89	0,7.03299e-06,1.74121e-05,3.27293e-05,5.5334e-05,8.86934e-05,0.000137924,0.000210578,0.000317798,0.000476031,0.000709547,0.00105416,0.00156274,0.00231328,0.00342091,0.00505552,0.00746784,0.0110279,0.0162817,0.0240351,inf	0.519476,0.519476,5.79465,22.7623,64.6361,141.162,223.793,283.646,315.067,337.811,363.229,395.087,434.759,476.524,505.838,518.884,521.428,515.023,522.661,522.661
0.00066678	-293741490.59	0,7.03299e-06,1.74121e-05,3.27293e-05,5.5334e-05,8.86934e-05,0.000137924,0.000210578,0.000317798,0.000476031,0.000709547,0.00105416,0.00156274,0.00231328,0.00342091,0.00505552,0.00746784,0.0110279,0.0162817,0.0240351,inf	0.422936,0.422936,2.68737,14.4202,50.03,128.023,218.872,284.424,314.715,334.793,358.531,390.365,432.571,480.56,518.726,539.668,547.692,543.646,562.607,562.607
0.000681395	-293729914.59	0,7.03299e-06,1.74121e-05,3.27293e-05,5.5334e-05,8.86934e-05,0.000137924,0.000210578,0.000317798,0.000476031,0.000709547,0.00105416,0.00156274,0.00231328,0.00342091,0.00505552,0.00746784,0.0110279,0.0162817,0.0240351,inf	0.422936,0.422936,1.54441,10.5875,41.8429,120.713,218.179,288.402,317.124,334.298,355.858,386.658,429.703,481.8,527.669,556.751,571.383,571.462,608.561,608.561
0.000694966	-293721438.68	0,7.03299e-06,1.74121e-05,3.27293e-05,5.5334e-05,8.86934e-05,0.000137924,0.000210578,0.000317798,0.000476031,0.000709547,0.00105416,0.00156274,0.00231328,0.00342091,0.00505552,0.00746784,0.0110279,0.0162817,0.0240351,inf	0.422936,0.422936,1.04499,8.67378,36.8972,116.33,219.106,293.302,320.488,335.014,354.428,383.801,426.705,481.38,533.816,570.92,592.855,598.598,663.772,663.772
0.000707722	-293714802.45	0,7.03299e-06,1.74121e-05,3.27293e-05,5.5334e-05,8.86934e-05,0.000137924,0.000210578,0.000317798,0.000476031,0.000709547,0.00105416,0.00156274,0.00231328,0.00342091,0.00505552,0.00746784,0.0110279,0.0162817,0.0240351,inf	0.422936,0.422936,0.791441,7.70034,33.7821,113.59,220.544,298.136,323.985,336.288,353.803,381.656,423.846,479.984,537.955,582.766,612.4,625.154,734.501,734.501
0.000719822	-293709361.49	0,7.03299e-06,1.74121e-05,3.27293e-05,5.5334e-05,8.86934e-05,0.000137924,0.000210578,0.000317798,0.000476031,0.000709547,0.00105416,0.00156274,0.00231328,0.00342091,0.00505552,0.00746784,0.0110279,0.0162817,0.0240351,inf	0.422936,0.422936,0.650437,7.23822,31.7926,111.88,222.046,302.516,327.25,337.781,353.715,380.099,421.245,478.029,540.627,592.741,630.254,651.202,835.574,835.574
0.000731379	-293704750.36	0,7.03299e-06,1.74121e-05,3.27293e-05,5.5334e-05,8.86934e-05,0.000137924,0.000210578,0.000317798,0.000476031,0.000709547,0.00105416,0.00156274,0.00231328,0.00342091,0.00505552,0.00746784,0.0110279,0.0162817,0.0240351,inf	0.422936,0.422936,0.567228,7.07492,30.5395,110.882,223.459,306.33,330.142,339.315,353.989,379.022,418.941,475.769,542.214,601.191,646.618,676.781,1016.92,1016.92
0.000742475	-293700744.54	0,7.03299e-06,1.74121e-05,3.27293e-05,5.5334e-05,8.86934e-05,0.000137924,0.000210578,0.000317798,0.000476031,0.000709547,0.00105416,0.00156274,0.00231328,0.00342091,0.00505552,0.00746784,0.0110279,0.0162817,0.0240351,inf	0.422936,0.422936,0.511867,7.0966,29.7882,110.416,224.757,309.596,332.627,340.796,354.506,378.334,416.933,473.362,542.987,608.387,661.654,701.85,1634.46,1634.46
0.00075317	-293697196.12	0,7.03299e-06,1.74121e-05,3.27293e-05,5.5334e-05,8.86934e-05,0.000137924,0.000210578,0.000317798,0.000476031,0.000709547,0.00105416,0.00156274,0.00231328,0.00342091,0.00505552,0.00746784,0.0110279,0.0162817,0.0240351,inf	0.422936,0.422936,0.473797,7.23384,29.3904,110.367,225.963,312.38,334.724,342.175,355.183,377.956,415.202,470.905,543.144,614.539,675.493,726.117,15248.3,15248.3
0.00075317	-293694009.48	0,7.03299e-06,1.74121e-05,3.27293e-05,5.5334e-05,8.86934e-05,0.000137924,0.000210578,0.000317798,0.000476031,0.000709547,0.00105416,0.00156274,0.00231328,0.00342091,0.00505552,0.00746784,0.0110279,0.0162817,0.0240351,inf	0.422936,0.422936,0.445077,7.41413,29.1259,110.19,226.15,313.435,335.094,342.07,354.588,376.414,412.227,466.841,541.216,618.447,687.287,748.737,92430.3,92430.3
0.00075317	-293693291.82	0,7.03299e-06,1.74121e-05,3.27293e-05,5.5334e-05,8.86934e-05,0.000137924,0.000210578,0.000317798,0.000476031,0.000709547,0.00105416,0.00156274,0.00231328,0.00342091,0.00505552,0.00746784,0.0110279,0.0162817,0.0240351,inf	0.422936,0.422936,0.422814,7.57446,28.8653,109.929,226.122,314.383,335.218,342.07,354.588,375.881,410.221,463.619,539.708,621.685,687.287,748.737,92430.3,92430.3
0.00075317	-293693022.88	0,7.03299e-06,1.74121e-05,3.27293e-05,5.5334e-05,8.86934e-05,0.000137924,0.000210578,0.000317798,0.000476031,0.000709547,0.00105416,0.00156274,0.00231328,0.00342091,0.00505552,0.00746784,0.0110279,0.0162817,0.0240351,inf	0.422936,0.422936,0.422814,7.72276,28.6281,109.64,225.941,315.192,335.666,342.07,354.588,375.881,408.98,461.089,538.58,623.997,687.287,748.737,92430.3,92430.3
0.00075317	-293692852.95	0,7.03299e-06,1.74121e-05,3.27293e-05,5.5334e-05,8.86934e-05,0.000137924,0.000210578,0.000317798,0.000476031,0.000709547,0.00105416,0.00156274,0.00231328,0.00342091,0.00505552,0.00746784,0.0110279,0.0162817,0.0240351,inf	0.422936,0.422936,0.422814,7.8596,28.4166,109.35,225.623,315.816,335.666,342.245,354.588,375.881,408.24,459.049,537.733,625.738,687.287,748.737,92430.2,92430.2
0.00075317	-293692738.21	0,7.03299e-06,1.74121e-05,3.27293e-05,5.5334e-05,8.86934e-05,0.000137924,0.000210578,0.000317798,0.000476031,0.000709547,0.00105416,0.00156274,0.00231328,0.00342091,0.00505552,0.00746784,0.0110279,0.0162817,0.0240351,inf	0.422936,0.422936,0.422814,7.98508,28.2367,109.1,225.268,316.352,336.038,342.245,354.588,375.881,407.704,456.657,536.89,627.577,687.287,748.737,92430.2,92430.2
0.00075317	-293692627.72	0,7.03299e-06,1.74121e-05,3.27293e-05,5.5334e-05,8.86934e-05,0.000137924,0.000210578,0.000317798,0.000476031,0.000709547,0.00105416,0.00156274,0.00231328,0.00342091,0.00505552,0.00746784,0.0110279,0.0162817,0.0240351,inf	0.422936,0.422936,0.422814,8.01777,28.0821,108.876,224.834,316.758,336.065,342.245,354.588,375.881,407.703,455.368,536.483,628.424,687.3,748.737,92430.2,92430.2
0.00075317	-293692578.48	0,7.03299e-06,1.74121e-05,3.27293e-05,5.5334e-05,8.86934e-05,0.000137924,0.000210578,0.000317798,0.000476031,0.000709547,0.00105416,0.00156274,0.00231328,0.00342091,0.00505552,0.00746784,0.0110279,0.0162817,0.0240351,inf	0.422936,0.422936,0.422814,8.13779,27.9616,108.711,224.09,316.779,336.065,342.57,354.588,375.881,407.703,453.38,535.997,629.668,687.3,748.737,92430.2,92430.2
0.00075317	-293692510.54	0,7.03299e-06,1.74121e-05,3.27293e-05,5.5334e-05,8.86934e-05,0.000137924,0.000210578,0.000317798,0.000476031,0.000709547,0.00105416,0.00156274,0.00231328,0.00342091,0.00505552,0.00746784,0.0110279,0.0162817,0.0240351,inf	0.422936,0.422936,0.422814,8.24604,27.8683,108.641,223.789,317.19,336.382,342.57,354.588,375.881,407.703,452.541,535.867,630.141,687.3,748.737,92430.2,92430.2
0.00075317	-293692485.24	0,7.03299e-06,1.74121e-05,3.27293e-05,5.5334e-05,8.86934e-05,0.000137924,0.000210578,0.000317798,0.000476031,0.000709547,0.00105416,0.00156274,0.00231328,0.00342091,0.00505552,0.00746784,0.0110279,0.0162817,0.0240351,inf	0.422936,0.422936,0.422814,8.34002,27.783,108.578,223.44,317.498,336.385,342.603,354.588,375.881,407.703,451.811,535.8,630.521,687.3,748.737,92430.2,92430.2
