0.000677209	-118812576.04	0,1.76601e-05,4.24759e-05,7.73469e-05,0.000126347,0.000195203,0.000291958,0.000427917,0.000618967,0.000887428,0.00126467,0.00179476,0.00253965,0.00358636,0.0050572,0.007124,0.0100283,0.0141093,0.019844,0.0279023,inf	98.3777,98.3777,172.862,224.213,260.999,287.075,303.738,315.497,327.443,342.318,361.07,383.525,406.432,421.941,425.703,422.212,415.328,407.969,404.189,404.189
0.000700035	-118775470.44	0,1.76601e-05,4.24759e-05,7.73469e-05,0.000126347,0.000195203,0.000291958,0.000427917,0.000618967,0.000887428,0.00126467,0.00179476,0.00253965,0.00358636,0.0050572,0.007124,0.0100283,0.0141093,0.019844,0.0279023,inf	42.953,42.953,115.67,178.359,226.755,261.891,281.812,293.434,305.777,323.626,348.784,382.078,420.318,450.547,461.412,458.115,446.75,433.25,426.584,426.584
0.00072088	-118757743.51	0,1.76601e-05,4.24759e-05,7.73469e-05,0.000126347,0.000195203,0.000291958,0.000427917,0.000618967,0.000887428,0.00126467,0.00179476,0.00253965,0.00358636,0.0050572,0.007124,0.0100283,0.0141093,0.019844,0.0279023,inf	25.7488,25.7488,93.6033,161.371,216.5,257.406,277.767,286.435,296.064,313.131,340.055,378.769,427.52,471,490.745,490.39,476.713,458.306,449.808,449.808
0.000739934	-118747115.21	0,1.76601e-05,4.24759e-05,7.73469e-05,0.000126347,0.000195203,0.000291958,0.000427917,0.000618967,0.000887428,0.00126467,0.00179476,0.00253965,0.00358636,0.0050572,0.007124,0.0100283,0.0141093,0.019844,0.0279023,inf	18.8175,18.8175,83.2724,154.085,214.085,259.889,280.24,285.5,291.687,306.699,333.37,374.607,430.567,485.596,514.957,519.495,505.387,483.278,474.186,474.186
0.000757548	-118739913.68	0,1.76601e-05,4.24759e-05,7.73469e-05,0.000126347,0.000195203,0.000291958,0.000427917,0.000618967,0.000887428,0.00126467,0.00179476,0.00253965,0.00358636,0.0050572,0.007124,0.0100283,0.0141093,0.019844,0.0279023,inf	15.6058,15.6058,77.8621,150.478,214.073,264.383,284.94,287.127,289.991,302.619,328.124,370.233,431.079,495.993,535.084,545.863,532.945,508.322,500.146,500.146
0.000774018	-118734636.75	0,1.76601e-05,4.24759e-05,7.73469e-05,0.000126347,0.000195203,0.000291958,0.000427917,0.000618967,0.000887428,0.00126467,0.00179476,0.00253965,0.00358636,0.0050572,0.007124,0.0100283,0.0141093,0.019844,0.0279023,inf	14.0298,14.0298,74.8981,148.408,214.516,268.97,290.085,289.783,289.743,300.046,323.991,365.991,430.06,503.353,551.941,569.865,559.537,533.591,528.221,528.221
0.000789571	-118730550.24	0,1.76601e-05,4.24759e-05,7.73469e-05,0.000126347,0.000195203,0.000291958,0.000427917,0.000618967,0.000887428,0.00126467,0.00179476,0.00253965,0.00358636,0.0050572,0.007124,0.0100283,0.0141093,0.019844,0.0279023,inf	13.2755,13.2755,73.325,147.094,214.786,272.965,294.94,292.749,290.31,298.501,320.748,362.043,428.134,508.49,566.161,591.812,585.292,559.244,559.157,559.157
0.000804371	-118727251.47	0,1.76601e-05,4.24759e-05,7.73469e-05,0.000126347,0.000195203,0.000291958,0.000427917,0.000618967,0.000887428,0.00126467,0.00179476,0.00253965,0.00358636,0.0050572,0.007124,0.0100283,0.0141093,0.019844,0.0279023,inf	12.9642,12.9642,72.6358,146.254,214.768,276.204,299.23,295.686,291.337,297.684,318.224,358.451,425.684,511.977,578.232,611.965,610.323,585.449,594.059,594.059
0.000818543	-118724501.45	0,1.76601e-05,4.24759e-05,7.73469e-05,0.000126347,0.000195203,0.000291958,0.000427917,0.000618967,0.000887428,0.00126467,0.00179476,0.00253965,0.00358636,0.0050572,0.007124,0.0100283,0.0141093,0.019844,0.0279023,inf	12.9029,12.9029,72.5436,145.787,214.522,278.735,302.892,298.432,292.616,297.394,316.285,355.225,422.951,514.224,588.538,630.543,634.728,612.387,634.612,634.612
0.000832178	-118722149.87	0,1.76601e-05,4.24759e-05,7.73469e-05,0.000126347,0.000195203,0.000291958,0.000427917,0.000618967,0.000887428,0.00126467,0.00179476,0.00253965,0.00358636,0.0050572,0.007124,0.0100283,0.0141093,0.019844,0.0279023,inf	12.9813,12.9813,72.8724,145.649,214.151,280.681,305.956,300.919,294.017,297.487,314.821,352.349,420.086,515.53,597.381,647.73,658.592,640.272,683.708,683.708
0.000845347	-118720097.78	0,1.76601e-05,4.24759e-05,7.73469e-05,0.000126347,0.000195203,0.000291958,0.000427917,0.000618967,0.000887428,0.00126467,0.00179476,0.00253965,0.00358636,0.0050572,0.007124,0.0100283,0.0141093,0.019844,0.0279023,inf	13.1342,13.1342,73.5018,145.803,213.751,282.172,308.486,303.124,295.458,297.859,313.745,349.793,417.184,516.112,605,663.681,681.99,669.345,746.94,746.94
0.000858106	-118718277.60	0,1.76601e-05,4.24759e-05,7.73469e-05,0.000126347,0.000195203,0.000291958,0.000427917,0.000618967,0.000887428,0.00126467,0.00179476,0.00253965,0.00358636,0.0050572,0.007124,0.0100283,0.0141093,0.019844,0.0279023,inf	13.3241,13.3241,74.3392,146.218,213.395,283.331,310.561,305.05,296.886,298.433,312.984,347.526,414.302,516.136,611.588,678.529,704.993,699.894,837.422,837.422
0.000870498	-118716641.68	0,1.76601e-05,4.24759e-05,7.73469e-05,0.000126347,0.000195203,0.000291958,0.000427917,0.000618967,0.000887428,0.00126467,0.00179476,0.00253965,0.00358636,0.0050572,0.007124,0.0100283,0.0141093,0.019844,0.0279023,inf	13.5256,13.5256,75.3182,146.862,213.129,284.256,312.252,306.713,298.269,299.153,312.48,345.518,411.477,515.725,617.302,692.387,727.66,732.279,998.856,998.856
0.000882558	-118715155.45	0,1.76601e-05,4.24759e-05,7.73469e-05,0.000126347,0.000195203,0.000291958,0.000427917,0.000618967,0.000887428,0.00126467,0.00179476,0.00253965,0.00358636,0.0050572,0.007124,0.0100283,0.0141093,0.019844,0.0279023,inf	13.7271,13.7271,76.3877,147.7,212.983,285.025,313.627,308.133,299.585,299.973,312.187,343.737,408.732,514.974,622.27,705.356,750.051,766.927,1544.5,1544.5
0.000894316	-118713793.20	0,1.76601e-05,4.24759e-05,7.73469e-05,0.000126347,0.000195203,0.000291958,0.000427917,0.000618967,0.000887428,0.00126467,0.00179476,0.00253965,0.00358636,0.0050572,0.007124,0.0100283,0.0141093,0.019844,0.0279023,inf	13.9182,13.9182,77.5094,148.694,212.969,285.699,314.746,309.334,300.822,300.862,312.067,342.158,406.078,513.956,626.596,717.518,772.213,804.27,12404.7,12404.7
0.000894316	-118712535.47	0,1.76601e-05,4.24759e-05,7.73469e-05,0.000126347,0.000195203,0.000291958,0.000427917,0.000618967,0.000887428,0.00126467,0.00179476,0.00253965,0.00358636,0.0050572,0.007124,0.0100283,0.0141093,0.019844,0.0279023,inf	14.0386,14.0386,78.325,149.188,212.203,285.133,314.365,309.112,300.828,300.697,311.016,339.671,402.303,511.285,629.039,727.938,793.553,844.58,88632.7,88632.7
0.000894316	-118712241.48	0,1.76601e-05,4.24759e-05,7.73469e-05,0.000126347,0.000195203,0.000291958,0.000427917,0.000618967,0.000887428,0.00126467,0.00179476,0.00253965,0.00358636,0.0050572,0.007124,0.0100283,0.0141093,0.019844,0.0279023,inf	14.0802,14.0802,78.9387,149.655,211.615,284.864,314.363,309.358,301.413,301.223,310.731,337.97,399.247,509.04,631.624,730.112,793.553,844.58,88632.6,88632.6
0.000894316	-118712103.55	0,1.76601e-05,4.24759e-05,7.73469e-05,0.000126347,0.000195203,0.000291958,0.000427917,0.000618967,0.000887428,0.00126467,0.00179476,0.00253965,0.00358636,0.0050572,0.007124,0.0100283,0.0141093,0.019844,0.0279023,inf	14.0752,14.0752,79.3784,150.032,211.02,284.566,314.324,309.628,302.146,302.047,310.87,336.778,396.719,507.151,634.372,731.036,793.553,844.58,88632.3,88632.3
0.000894316	-118712004.42	0,1.76601e-05,4.24759e-05,7.73469e-05,0.000126347,0.000195203,0.000291958,0.000427917,0.000618967,0.000887428,0.00126467,0.00179476,0.00253965,0.00358636,0.0050572,0.007124,0.0100283,0.0141093,0.019844,0.0279023,inf	14.0489,14.0489,79.689,150.324,210.374,284.132,314.072,309.697,302.775,302.949,311.242,335.917,394.556,505.539,637.239,731.036,793.749,844.58,88632.1,88632.1
0.000894316	-118711928.81	0,1.76601e-05,4.24759e-05,7.73469e-05,0.000126347,0.000195203,0.000291958,0.000427917,0.000618967,0.000887428,0.00126467,0.00179476,0.00253965,0.00358636,0.0050572,0.007124,0.0100283,0.0141093,0.019844,0.0279023,inf	14.0138,14.0138,79.9406,150.63,209.801,283.712,313.742,309.657,303.331,303.87,311.755,335.289,392.62,504.148,639.498,731.036,793.749,844.58,88631.9,88631.9
