The split time is estimated to be around [0.0, 0.0, 0.0] gens (i.e. 0.25,0.5,0.75 quantile)
Initial Chi-Square distance is 6.10600372466444e+275 and final Chi-Square distance is 0.00010783405500136929
left_boundaries	IM_lambda00	IM_lambda01	IM_lambda11	IM_rCCR	MSMC_lambda00	MSMC_lambda01	MSMC_lambda11	MSMC_rCCR	msmc_N1	msmc_N2	naive_im_N1	naive_im_N2	im_N1	im_N2
0.0	6.526141294881466e-07	0.0	9.838442219238704e-08	0.0	8.193796699999998e-07	4.2327383e-09	4.0674215e-08	0.00984296071170006	610217.7272716567	12292800.242118992	766149.5168548622	5082105.366460036	1531444.9965345592	10158545.641687121
702.7712871287129	1.881072086012229e-07	1.8772067504458718e-07	1.8742700348342853e-07	0.9997527202782363	8.193796699999998e-07	4.2327383e-09	4.0674215e-08	0.00984296071170006	610217.7272716567	12292800.242118992	766149.5168548622	5082105.366460036	1532298.9962327082	10164210.484323498
1739.90099009901	6.063646148553701e-08	6.061168597376615e-08	6.061626450354547e-08	0.9997579102547118	8.193796699999998e-07	3.4061947e-08	4.0674215e-08	0.07920886724440528	610217.7272716567	12292800.242118992	1.1817495890506415	1.1817363977669786	2.3634991203054736	2.3634727377387925
3270.4752475247524	1.9424699237014162e-07	1.9416761606157046e-07	1.9418228443157897e-07	0.9997578846801817	1.8782262999999996e-06	7.3687681e-08	3.621630225e-07	0.06578113925107766	266208.6032976964	1380593.7352425314	1.0500528436982408	1.0500484378321446	2.1001056360866137	2.1000968243546367
5529.247524752475	7.111372050078171e-07	7.108464865287668e-07	7.109002079706838e-07	0.9997577842060809	2.5559363e-06	3.6010843e-07	9.596960409999998e-07	0.20486125685006606	195623.02863338182	520998.2938754252	1.0499624908188658	1.0499598534371626	2.099924930575653	2.099919655812375
8862.683168316833	9.65705925140996e-07	9.65310200793633e-07	9.653833246505213e-07	0.9997572104943873	4.1423938e-06	1.0365731e-06	1.7428418599999997e-06	0.35226222359972587	120703.15477973147	286887.761578093	1.078565789915284	1.0827619835400994	2.157131579828923	2.165523967078547
13782.079207920793	3.178196547945246e-08	3.1768879806165536e-08	3.177129775228991e-08	0.9997560531336562	7.260601140000001e-06	2.2733787e-06	2.4169461599999994e-06	0.46982538643856586	68864.82129494858	206872.62640554647	1.0396654605288675	1.0396658266672782	2.079330921057129	2.0793316533339503
21041.980198019803	1.127983776461708e-08	1.1275192477178157e-08	1.1276050839475348e-08	0.9997559994273462	8.925487159999998e-06	3.1576236e-06	2.9553630199999994e-06	0.531548424929301	56019.3512171273	169183.95358415227	1.160902708554116	1.1609187482215808	2.3218054171079756	2.321837496442906
31756.0396039604	3.943669395296719e-09	3.942045080669158e-09	3.94234521633149e-09	0.9997559666847364	7.41653706e-06	3.3656735e-06	3.20584504e-06	0.6336946775808412	67416.9084513413	155965.11801456255	1.0815838985808461	1.0815867472730272	2.1631677971616017	2.1631734945459637
47567.42574257426	1.2072360314086532e-09	1.2067387821816008e-09	1.206830648151629e-09	0.999755965648311	5.335454279999999e-06	3.3892065e-06	3.1382810899999995e-06	0.7999321083353587	93712.73255479946	159322.88589228955	1.0377625668554262	1.0377628358487974	2.0755251337108094	2.075525671697552
70901.48514851485	2.2822402989865484e-10	2.281300203096181e-10	2.2814739128652395e-10	0.9997559431621434	4.387094579999999e-06	3.5464432999999996e-06	3.06903448e-06	0.9512827021800504	113970.64523737715	162917.68738942288	1.0501658631646387	1.0501657547729284	2.1003317263292427	2.100331509545822
105337.62376237624	4.610452626179346e-27	4.608553488491953e-27	4.608904407389303e-27	0.999755942136035	3.8632560599999985e-06	3.7773899000000002e-06	3.1109615999999996e-06	1.0832440523515297	129424.50415777002	160722.0095548592	1.010510309206844	1.0105103092154346	2.0210206184136545	2.021020618430836
156156.4356435644	9.125540247010424e-35	9.12178124442201e-35	9.12247583048395e-35	0.9997559412140234	3.5694511e-06	4.0701888999999996e-06	3.2878691600000003e-06	1.1871077172061377	140077.55982425422	152074.17803693865	1.102286050429121	1.1022860551178595	2.2045721008582055	2.2045721102356826
231154.4554455446	9.125540229589884e-35	9.121781218721641e-35	9.122475803508636e-35	0.9997559408295587	3.6805914999999996e-06	4.4844303e-06	3.803441840000001e-06	1.1983993379698117	135847.72990971696	131459.87792993302	1.0438773056336323	1.0438773013853555	2.0877546112672305	2.087754602770677
341834.65346534655	4.610452492830382e-27	4.608553358819961e-27	4.608904291941325e-27	0.9997559409854382	4.688127099999999e-06	5.3080449e-06	4.89845253e-06	1.1073907701948542	106652.39856658326	102073.05203792594	1.0396499936559926	1.0396499976834912	2.079299987311951	2.0792999953669478
505173.2673267327	9.125540246188543e-35	9.121781228435482e-35	9.122475831185871e-35	0.9997559394684569	6.5214589000000006e-06	6.515479699999999e-06	6.5806964100000015e-06	0.9945660917371614	76669.96107266734	75979.80044181978	1.039649993653799	1.0396499907863126	2.0792999873075635	2.079299981572591
746223.7623762377	3.568502721368855e-19	3.5670327787834916e-19	3.5673043934391154e-19	0.9997559410991682	8.175832840000002e-06	7.329600299999999e-06	7.760809700000003e-06	0.9198424676468896	61155.84916973423	64426.26727466334	1.0396501445380069	1.0396501447585123	2.0793002890760137	2.0793002895170245
1101960.396039604	1.1129596867352646e-49	1.1125012395665425e-49	1.1125859512168577e-49	0.999755943526938	8.631585239999999e-06	8.4066239e-06	8.08078578e-06	1.0060360543623212	57926.78703825209	61875.17075845563	1.039650297523833	1.0396501447536093	2.079300595047666	2.0793002895072186
1626940.594059406	2.9316485309843123e-95	2.9304409285030457e-95	2.9306640670021392e-95	0.9997559425642277	8.111491799999998e-06	0.00092416515	6.791724800000001e-06	124.02223960161727	61640.942545241815	73619.00175931744	1.0423168629647974	1.0423168406691854	2.084633725929595	2.084633681338371
2401702.9702970297	1.5854938394939246e-162	1.584840735516297e-162	1.584961405260881e-162	0.9997559423923452	8.1114918e-06	0.00092416515	5.853040899999999e-06	132.35890807860687	61640.9425452418	85425.68017934063	1.0423168629647974	1.0423168406691854	2.084633725929595	2.084633681338371
