0.000673692	-117795421.28	0,1.75668e-05,4.22515e-05,7.69383e-05,0.00012568,0.000194171,0.000290415,0.000425657,0.000615697,0.00088274,0.00125799,0.00178528,0.00252624,0.00356742,0.00503048,0.00708637,0.00997529,0.0140348,0.0197392,0.0277549,inf	82.7676,82.7676,160.469,215.752,259.841,287.906,304.91,317.254,329.455,344.25,362.858,385.109,407.799,423.383,427.382,423.451,416.353,409.785,406.131,406.131
0.000696552	-117758883.69	0,1.75668e-05,4.22515e-05,7.69383e-05,0.00012568,0.000194171,0.000290415,0.000425657,0.000615697,0.00088274,0.00125799,0.00178528,0.00252624,0.00356742,0.00503048,0.00708637,0.00997529,0.0140348,0.0197392,0.0277549,inf	28.7941,28.7941,99.6244,164.972,224.887,262.715,282.858,295.343,308.036,325.675,350.566,383.511,421.32,451.588,462.841,458.475,446.535,434.772,428.45,428.45
0.000717476	-117741520.35	0,1.75668e-05,4.22515e-05,7.69383e-05,0.00012568,0.000194171,0.000290415,0.000425657,0.000615697,0.00088274,0.00125799,0.00178528,0.00252624,0.00356742,0.00503048,0.00708637,0.00997529,0.0140348,0.0197392,0.0277549,inf	13.5943,13.5943,75.6887,144.397,214.63,258.462,278.778,288.526,298.56,315.291,341.858,380.143,428.307,471.763,491.998,489.786,475.008,459.423,451.592,451.592
0.000736641	-117731096.33	0,1.75668e-05,4.22515e-05,7.69383e-05,0.00012568,0.000194171,0.000290415,0.000425657,0.000615697,0.00088274,0.00125799,0.00178528,0.00252624,0.00356742,0.00503048,0.00708637,0.00997529,0.0140348,0.0197392,0.0277549,inf	8.01363,8.01363,64.1323,134.279,212.62,261.256,281.208,287.75,294.384,308.938,335.184,375.953,431.223,486.166,516.087,517.85,501.934,483.852,475.841,475.841
0.000754388	-117724012.57	0,1.75668e-05,4.22515e-05,7.69383e-05,0.00012568,0.000194171,0.000290415,0.000425657,0.000615697,0.00088274,0.00125799,0.00178528,0.00252624,0.00356742,0.00503048,0.00708637,0.00997529,0.0140348,0.0197392,0.0277549,inf	5.60605,5.60605,57.8888,128.439,213.285,266.074,285.834,289.51,292.856,304.91,329.935,371.561,431.653,496.429,536.132,543.108,527.477,508.18,501.565,501.565
0.000771008	-117718805.05	0,1.75668e-05,4.22515e-05,7.69383e-05,0.00012568,0.000194171,0.000290415,0.000425657,0.000615697,0.00088274,0.00125799,0.00178528,0.00252624,0.00356742,0.00503048,0.00708637,0.00997529,0.0140348,0.0197392,0.0277549,inf	4.46563,4.46563,54.3593,124.628,214.579,270.959,290.872,292.273,292.75,302.368,325.787,367.302,430.583,503.698,552.934,565.937,551.779,532.523,529.228,529.228
0.000786723	-117714759.37	0,1.75668e-05,4.22515e-05,7.69383e-05,0.00012568,0.000194171,0.000290415,0.000425657,0.000615697,0.00088274,0.00125799,0.00178528,0.00252624,0.00356742,0.00503048,0.00708637,0.00997529,0.0140348,0.0197392,0.0277549,inf	3.9048,3.9048,52.414,121.955,215.801,275.211,295.588,295.33,293.44,300.843,322.52,363.337,428.625,508.775,567.116,586.657,574.965,557.001,559.473,559.473
0.000801697	-117711483.68	0,1.75668e-05,4.22515e-05,7.69383e-05,0.00012568,0.000194171,0.000290415,0.000425657,0.000615697,0.00088274,0.00125799,0.00178528,0.00252624,0.00356742,0.00503048,0.00708637,0.00997529,0.0140348,0.0197392,0.0277549,inf	3.63505,3.63505,51.4759,120.045,216.781,278.658,299.715,298.345,294.579,300.037,319.967,359.728,426.156,512.225,579.163,605.533,597.14,581.734,593.222,593.222
0.00081605	-117708745.20	0,1.75668e-05,4.22515e-05,7.69383e-05,0.00012568,0.000194171,0.000290415,0.000425657,0.000615697,0.00088274,0.00125799,0.00178528,0.00252624,0.00356742,0.00503048,0.00708637,0.00997529,0.0140348,0.0197392,0.0277549,inf	3.52084,3.52084,51.2139,118.718,217.549,281.349,303.197,301.164,295.962,299.753,317.996,356.483,423.413,514.453,589.453,622.789,618.396,606.849,631.877,631.877
0.000829873	-117706397.37	0,1.75668e-05,4.22515e-05,7.69383e-05,0.00012568,0.000194171,0.000290415,0.000425657,0.000615697,0.00088274,0.00125799,0.00178528,0.00252624,0.00356742,0.00503048,0.00708637,0.00997529,0.0140348,0.0197392,0.0277549,inf	3.49512,3.49512,51.4198,117.871,218.187,283.408,306.071,303.72,297.463,299.85,316.498,353.585,420.543,515.753,598.283,638.613,638.809,632.481,677.73,677.73
0.000843237	-117704343.60	0,1.75668e-05,4.22515e-05,7.69383e-05,0.00012568,0.000194171,0.000290415,0.000425657,0.000615697,0.00088274,0.00125799,0.00178528,0.00252624,0.00356742,0.00503048,0.00708637,0.00997529,0.0140348,0.0197392,0.0277549,inf	3.51264,3.51264,51.9486,117.429,218.779,284.975,308.406,305.995,299.002,300.224,315.386,351.008,417.639,516.342,605.893,653.166,658.451,658.781,735.024,735.024
0.000856194	-117702517.94	0,1.75668e-05,4.22515e-05,7.69383e-05,0.00012568,0.000194171,0.000290415,0.000425657,0.000615697,0.00088274,0.00125799,0.00178528,0.00252624,0.00356742,0.00503048,0.00708637,0.00997529,0.0140348,0.0197392,0.0277549,inf	3.55767,3.55767,52.701,117.333,219.39,286.172,310.284,307.993,300.526,300.801,314.589,348.718,414.758,516.382,612.472,666.585,677.379,685.92,812.783,812.783
0.00086879	-117700873.73	0,1.75668e-05,4.22515e-05,7.69383e-05,0.00012568,0.000194171,0.000290415,0.000425657,0.000615697,0.00088274,0.00125799,0.00178528,0.00252624,0.00356742,0.00503048,0.00708637,0.00997529,0.0140348,0.0197392,0.0277549,inf	3.61348,3.61348,53.6001,117.527,220.065,287.105,311.78,309.73,302.004,301.522,314.049,346.685,411.936,515.994,618.176,678.987,695.646,714.095,936.443,936.443
0.000881058	-117699377.20	0,1.75668e-05,4.22515e-05,7.69383e-05,0.00012568,0.000194171,0.000290415,0.000425657,0.000615697,0.00088274,0.00125799,0.00178528,0.00252624,0.00356742,0.00503048,0.00708637,0.00997529,0.0140348,0.0197392,0.0277549,inf	3.67182,3.67182,54.5852,117.966,220.831,287.855,312.964,311.228,303.415,302.344,313.72,344.879,409.194,515.273,623.133,690.475,713.299,743.519,1231.78,1231.78
0.000893027	-117698003.19	0,1.75668e-05,4.22515e-05,7.69383e-05,0.00012568,0.000194171,0.000290415,0.000425657,0.000615697,0.00088274,0.00125799,0.00178528,0.00252624,0.00356742,0.00503048,0.00708637,0.00997529,0.0140348,0.0197392,0.0277549,inf	3.73217,3.73217,55.6173,118.608,221.7,288.487,313.896,312.511,304.747,303.235,313.562,343.274,406.545,514.292,627.448,701.138,730.377,774.382,3371.48,3371.48
0.000904098	-117696732.52	0,1.75668e-05,4.22515e-05,7.69383e-05,0.00012568,0.000194171,0.000290415,0.000425657,0.000615697,0.00088274,0.00125799,0.00178528,0.00252624,0.00356742,0.00503048,0.00708637,0.00997529,0.0140348,0.0197392,0.0277549,inf	3.78549,3.78549,56.6517,119.393,222.634,288.994,314.567,313.543,305.938,304.113,313.49,341.787,403.924,513.028,631.138,710.999,746.877,806.705,89169,89169
0.000904098	-117695597.41	0,1.75668e-05,4.22515e-05,7.69383e-05,0.00012568,0.000194171,0.000290415,0.000425657,0.000615697,0.00088274,0.00125799,0.00178528,0.00252624,0.00356742,0.00503048,0.00708637,0.00997529,0.0140348,0.0197392,0.0277549,inf	3.8238,3.8238,57.4401,119.826,222.777,288.336,313.885,313.26,305.971,304.006,312.557,339.477,400.316,510.297,633.18,713.386,746.877,806.705,89168.9,89168.9
0.000904098	-117695422.60	0,1.75668e-05,4.22515e-05,7.69383e-05,0.00012568,0.000194171,0.000290415,0.000425657,0.000615697,0.00088274,0.00125799,0.00178528,0.00252624,0.00356742,0.00503048,0.00708637,0.00997529,0.0140348,0.0197392,0.0277549,inf	3.83453,3.83453,58.0156,120.154,223.007,287.945,313.573,313.429,306.553,304.554,312.351,337.919,397.418,508.054,635.47,714.831,746.877,806.705,89168.7,89168.7
0.000904098	-117695305.42	0,1.75668e-05,4.22515e-05,7.69383e-05,0.00012568,0.000194171,0.000290415,0.000425657,0.000615697,0.00088274,0.00125799,0.00178528,0.00252624,0.00356742,0.00503048,0.00708637,0.00997529,0.0140348,0.0197392,0.0277549,inf	3.83057,3.83057,58.4199,120.345,223.148,287.502,313.22,313.605,307.245,305.366,312.537,336.831,395.006,506.158,637.929,715.533,746.877,806.705,89168.5,89168.5
0.000904098	-117695218.90	0,1.75668e-05,4.22515e-05,7.69383e-05,0.00012568,0.000194171,0.000290415,0.000425657,0.000615697,0.00088274,0.00125799,0.00178528,0.00252624,0.00356742,0.00503048,0.00708637,0.00997529,0.0140348,0.0197392,0.0277549,inf	3.81838,3.81838,58.7178,120.471,223.264,287.036,312.804,313.722,307.957,306.292,312.949,336.06,392.964,504.628,638.115,716.737,748.123,806.705,89167.8,89167.8
