0.000669634	-119505626.12	0,1.74766e-05,4.20346e-05,7.65434e-05,0.000125035,0.000193175,0.000288925,0.000423472,0.000612537,0.000878209,0.00125153,0.00177612,0.00251327,0.00354911,0.00500466,0.00705,0.00992409,0.0139627,0.0196378,0.0276124,inf	90.8849,90.8849,165.971,224.414,267.656,292.934,307.947,318.586,330.034,344.472,362.893,385.146,408.253,425.076,430.275,426.761,418.893,410.743,403.277,403.277
0.000691894	-119469548.05	0,1.74766e-05,4.20346e-05,7.65434e-05,0.000125035,0.000193175,0.000288925,0.000423472,0.000612537,0.000878209,0.00125153,0.00177612,0.00251327,0.00354911,0.00500466,0.00705,0.00992409,0.0139627,0.0196378,0.0276124,inf	35.1694,35.1694,104.352,175.949,235.669,269.478,286.703,296.618,308.301,325.412,349.873,382.508,420.62,452.97,466.602,463.205,449.662,434.456,419.424,419.424
0.00071227	-119452381.31	0,1.74766e-05,4.20346e-05,7.65434e-05,0.000125035,0.000193175,0.000288925,0.000423472,0.000612537,0.000878209,0.00125153,0.00177612,0.00251327,0.00354911,0.00500466,0.00705,0.00992409,0.0139627,0.0196378,0.0276124,inf	18.5159,18.5159,79.158,156.702,227.412,266.342,283.172,289.813,298.824,314.98,340.926,378.545,426.701,472.827,496.578,496.007,478.749,457.598,434.917,434.917
0.000730906	-119442068.64	0,1.74766e-05,4.20346e-05,7.65434e-05,0.000125035,0.000193175,0.000288925,0.000423472,0.000612537,0.000878209,0.00125153,0.00177612,0.00251327,0.00354911,0.00500466,0.00705,0.00992409,0.0139627,0.0196378,0.0276124,inf	12.0328,12.0328,66.3094,147.499,226.792,269.788,285.899,288.995,294.734,308.748,334.237,374.003,428.885,486.912,521.442,525.62,506.32,480.284,449.86,449.86
0.000748126	-119435073.74	0,1.74766e-05,4.20346e-05,7.65434e-05,0.000125035,0.000193175,0.000288925,0.000423472,0.000612537,0.000878209,0.00125153,0.00177612,0.00251327,0.00354911,0.00500466,0.00705,0.00992409,0.0139627,0.0196378,0.0276124,inf	9.10345,9.10345,58.8314,142.359,228.397,274.907,290.624,290.639,293.307,304.913,329.084,369.402,428.708,496.866,542.223,552.472,532.54,502.636,464.355,464.355
0.000764211	-119429951.36	0,1.74766e-05,4.20346e-05,7.65434e-05,0.000125035,0.000193175,0.000288925,0.000423472,0.000612537,0.000878209,0.00125153,0.00177612,0.00251327,0.00354911,0.00500466,0.00705,0.00992409,0.0139627,0.0196378,0.0276124,inf	7.68386,7.68386,54.1556,139.14,230.306,279.853,295.619,293.228,293.298,302.593,325.09,365.021,427.126,503.836,559.73,576.935,557.554,524.757,478.469,478.469
0.000779381	-119425990.97	0,1.74766e-05,4.20346e-05,7.65434e-05,0.000125035,0.000193175,0.000288925,0.000423472,0.000612537,0.000878209,0.00125153,0.00177612,0.00251327,0.00354911,0.00500466,0.00705,0.00992409,0.0139627,0.0196378,0.0276124,inf	6.99774,6.99774,51.1433,137.017,231.92,284.008,300.204,296.07,294.071,301.297,322.007,360.989,424.727,508.625,574.59,599.319,581.486,546.748,492.293,492.293
0.000793795	-119422800.68	0,1.74766e-05,4.20346e-05,7.65434e-05,0.000125035,0.000193175,0.000288925,0.000423472,0.000612537,0.000878209,0.00125153,0.00177612,0.00251327,0.00354911,0.00500466,0.00705,0.00992409,0.0139627,0.0196378,0.0276124,inf	6.70163,6.70163,49.2197,135.652,233.142,287.267,304.149,298.843,295.278,300.718,319.652,357.348,421.874,511.797,587.292,619.889,604.443,568.699,505.874,505.874
0.000807576	-119420146.89	0,1.74766e-05,4.20346e-05,7.65434e-05,0.000125035,0.000193175,0.000288925,0.000423472,0.000612537,0.000878209,0.00125153,0.00177612,0.00251327,0.00354911,0.00500466,0.00705,0.00992409,0.0139627,0.0196378,0.0276124,inf	6.6247,6.6247,48.0454,134.883,234.051,289.72,307.424,301.403,296.712,300.652,317.885,354.096,418.791,513.758,598.216,638.861,626.516,590.695,519.261,519.261
0.000820813	-119417882.43	0,1.74766e-05,4.20346e-05,7.65434e-05,0.000125035,0.000193175,0.000288925,0.000423472,0.000612537,0.000878209,0.00125153,0.00177612,0.00251327,0.00354911,0.00500466,0.00705,0.00992409,0.0139627,0.0196378,0.0276124,inf	6.66995,6.66995,47.4017,134.614,234.762,291.522,310.082,303.691,298.249,300.955,316.59,351.207,415.617,514.8,607.665,656.423,647.784,612.819,532.483,532.483
0.000833579	-119415910.35	0,1.74766e-05,4.20346e-05,7.65434e-05,0.000125035,0.000193175,0.000288925,0.000423472,0.000612537,0.000878209,0.00125153,0.00177612,0.00251327,0.00354911,0.00500466,0.00705,0.00992409,0.0139627,0.0196378,0.0276124,inf	6.78379,6.78379,47.1434,134.769,235.375,292.826,312.205,305.695,299.807,301.524,315.679,348.649,412.438,515.138,615.876,672.729,668.314,635.158,545.566,545.566
0.000845927	-119414164.49	0,1.74766e-05,4.20346e-05,7.65434e-05,0.000125035,0.000193175,0.000288925,0.000423472,0.000612537,0.000878209,0.00125153,0.00177612,0.00251327,0.00354911,0.00500466,0.00705,0.00992409,0.0139627,0.0196378,0.0276124,inf	6.92976,6.92976,47.1634,135.286,235.97,293.767,313.881,307.422,301.338,302.282,315.078,346.386,409.308,514.935,623.044,687.916,688.166,657.797,558.547,558.547
0.000857902	-119412598.24	0,1.74766e-05,4.20346e-05,7.65434e-05,0.000125035,0.000193175,0.000288925,0.000423472,0.000612537,0.000878209,0.00125153,0.00177612,0.00251327,0.00354911,0.00500466,0.00705,0.00992409,0.0139627,0.0196378,0.0276124,inf	7.08772,7.08772,47.3829,136.103,236.598,294.455,315.19,308.891,302.809,303.17,314.729,344.386,406.258,514.312,629.325,702.098,707.392,680.827,571.442,571.442
0.000869539	-119411177.84	0,1.74766e-05,4.20346e-05,7.65434e-05,0.000125035,0.000193175,0.000288925,0.000423472,0.000612537,0.000878209,0.00125153,0.00177612,0.00251327,0.00354911,0.00500466,0.00705,0.00992409,0.0139627,0.0196378,0.0276124,inf	7.24396,7.24396,47.7429,137.168,237.288,294.975,316.203,310.126,304.202,304.147,314.583,342.617,403.305,513.362,634.846,715.375,726.04,704.349,584.251,584.251
0.000880868	-119409878.21	0,1.74766e-05,4.20346e-05,7.65434e-05,0.000125035,0.000193175,0.000288925,0.000423472,0.000612537,0.000878209,0.00125153,0.00177612,0.00251327,0.00354911,0.00500466,0.00705,0.00992409,0.0139627,0.0196378,0.0276124,inf	7.39126,7.39126,48.1989,138.429,238.056,295.392,316.98,311.152,305.505,305.18,314.604,341.053,400.461,512.156,639.714,727.833,744.15,728.47,596.994,596.994
0.000891913	-119408680.36	0,1.74766e-05,4.20346e-05,7.65434e-05,0.000125035,0.000193175,0.000288925,0.000423472,0.000612537,0.000878209,0.00125153,0.00177612,0.00251327,0.00354911,0.00500466,0.00705,0.00992409,0.0139627,0.0196378,0.0276124,inf	7.52649,7.52649,48.7208,139.847,238.906,295.753,317.573,311.994,306.714,306.245,314.761,339.668,397.729,510.752,644.017,739.549,761.758,753.323,609.644,609.644
0.000902696	-119407569.50	0,1.74766e-05,4.20346e-05,7.65434e-05,0.000125035,0.000193175,0.000288925,0.000423472,0.000612537,0.000878209,0.00125153,0.00177612,0.00251327,0.00354911,0.00500466,0.00705,0.00992409,0.0139627,0.0196378,0.0276124,inf	7.64818,7.64818,49.2802,141.382,239.836,296.092,318.023,312.673,307.828,307.323,315.027,338.442,395.109,509.193,647.828,750.587,778.9,779.055,622.174,622.174
0.000913234	-119406534.04	0,1.74766e-05,4.20346e-05,7.65434e-05,0.000125035,0.000193175,0.000288925,0.000423472,0.000612537,0.000878209,0.00125153,0.00177612,0.00251327,0.00354911,0.00500466,0.00705,0.00992409,0.0139627,0.0196378,0.0276124,inf	7.75638,7.75638,49.8605,143.005,240.84,296.434,318.363,313.212,308.849,308.402,315.383,337.357,392.599,507.515,651.21,761.008,795.604,805.837,634.595,634.595
0.000923542	-119405564.63	0,1.74766e-05,4.20346e-05,7.65434e-05,0.000125035,0.000193175,0.000288925,0.000423472,0.000612537,0.000878209,0.00125153,0.00177612,0.00251327,0.00354911,0.00500466,0.00705,0.00992409,0.0139627,0.0196378,0.0276124,inf	7.85238,7.85238,50.4482,144.689,241.909,296.796,318.62,313.628,309.779,309.47,315.812,336.395,390.196,505.745,654.214,770.862,811.894,833.883,646.932,646.932
0.000933635	-119404653.67	0,1.74766e-05,4.20346e-05,7.65434e-05,0.000125035,0.000193175,0.000288925,0.000423472,0.000612537,0.000878209,0.00125153,0.00177612,0.00251327,0.00354911,0.00500466,0.00705,0.00992409,0.0139627,0.0196378,0.0276124,inf	7.93875,7.93875,51.034,146.411,243.033,297.187,318.817,313.939,310.622,310.521,316.3,335.545,387.897,503.905,656.887,780.197,827.799,863.446,659.014,659.014
