0.00050516	-78965948.44	0,1.32826e-05,3.19473e-05,5.81749e-05,9.50296e-05,0.000146818,0.00021959,0.000321849,0.000465543,0.000667461,0.000951194,0.0013499,0.00191015,0.00269741,0.00380367,0.00535817,0.00754255,0.010612,0.0149252,0.0209861,inf	201.626,201.626,353.276,462.677,554.257,606.232,599.382,557.594,512.666,479.001,459.334,452.88,459.553,478.439,503.02,522.118,531.231,535.225,539.597,539.597
0.000522044	-78947265.19	0,1.32826e-05,3.19473e-05,5.81749e-05,9.50296e-05,0.000146818,0.00021959,0.000321849,0.000465543,0.000667461,0.000951194,0.0013499,0.00191015,0.00269741,0.00380367,0.00535817,0.00754255,0.010612,0.0149252,0.0209861,inf	98.0574,98.0574,260.59,411.749,567.47,674.319,672.957,600.87,522.617,465.883,433.607,422.488,431.626,460.75,501.884,536.06,553.416,561.955,572.509,572.509
0.000540114	-78936577.91	0,1.32826e-05,3.19473e-05,5.81749e-05,9.50296e-05,0.000146818,0.00021959,0.000321849,0.000465543,0.000667461,0.000951194,0.0013499,0.00191015,0.00269741,0.00380367,0.00535817,0.00754255,0.010612,0.0149252,0.0209861,inf	59.2229,59.2229,206.789,366.97,561.653,716.747,727.678,634.889,532.407,459.715,418.967,404.204,413.89,448.971,502.216,549.117,574.374,588.269,607.443,607.443
0.000558433	-78929077.31	0,1.32826e-05,3.19473e-05,5.81749e-05,9.50296e-05,0.000146818,0.00021959,0.000321849,0.000465543,0.000667461,0.000951194,0.0013499,0.00191015,0.00269741,0.00380367,0.00535817,0.00754255,0.010612,0.0149252,0.0209861,inf	43.4375,43.4375,176.694,332.299,548.195,741.997,767.343,660.57,540.561,456.784,410.176,392.417,401.659,440.286,502.866,560.92,593.924,614.057,644.945,644.945
0.000576586	-78923164.06	0,1.32826e-05,3.19473e-05,5.81749e-05,9.50296e-05,0.000146818,0.00021959,0.000321849,0.000465543,0.000667461,0.000951194,0.0013499,0.00191015,0.00269741,0.00380367,0.00535817,0.00754255,0.010612,0.0149252,0.0209861,inf	36.9646,36.9646,160.9,307.317,533.455,757.096,796.299,679.789,546.988,455.485,404.736,384.417,392.649,433.334,503.358,571.408,612.06,639.307,685.823,685.823
0.000594382	-78918204.77	0,1.32826e-05,3.19473e-05,5.81749e-05,9.50296e-05,0.000146818,0.00021959,0.000321849,0.000465543,0.000667461,0.000951194,0.0013499,0.00191015,0.00269741,0.00380367,0.00535817,0.00754255,0.010612,0.0149252,0.0209861,inf	34.7655,34.7655,153.831,290.173,520.239,766.609,817.943,694.234,551.945,455.056,401.341,378.767,385.655,427.422,503.517,580.647,628.849,664.051,731.288,731.288
0.000611735	-78913903.46	0,1.32826e-05,3.19473e-05,5.81749e-05,9.50296e-05,0.000146818,0.00021959,0.000321849,0.000465543,0.000667461,0.000951194,0.0013499,0.00191015,0.00269741,0.00380367,0.00535817,0.00754255,0.010612,0.0149252,0.0209861,inf	34.73,34.73,152.165,278.954,509.485,773.215,834.616,705.176,555.718,455.108,399.253,374.657,379.995,422.176,503.299,588.751,644.389,688.34,783.201,783.201
0.000628616	-78910098.49	0,1.32826e-05,3.19473e-05,5.81749e-05,9.50296e-05,0.000146818,0.00021959,0.000321849,0.000465543,0.000667461,0.000951194,0.0013499,0.00191015,0.00269741,0.00380367,0.00535817,0.00754255,0.010612,0.0149252,0.0209861,inf	35.8239,35.8239,153.876,272.083,501.27,778.407,847.869,713.527,558.553,455.426,398.036,371.599,375.265,417.387,502.72,595.845,658.784,712.231,844.621,844.621
0.000645017	-78906689.32	0,1.32826e-05,3.19473e-05,5.81749e-05,9.50296e-05,0.000146818,0.00021959,0.000321849,0.000465543,0.000667461,0.000951194,0.0013499,0.00191015,0.00269741,0.00380367,0.00535817,0.00754255,0.010612,0.0149252,0.0209861,inf	37.4453,37.4453,157.694,268.361,495.339,782.987,858.716,719.933,560.645,455.892,397.418,369.289,371.213,412.936,501.82,602.051,672.138,735.786,921.179,921.179
0.00066095	-78903607.04	0,1.32826e-05,3.19473e-05,5.81749e-05,9.50296e-05,0.000146818,0.00021959,0.000321849,0.000465543,0.000667461,0.000951194,0.0013499,0.00191015,0.00269741,0.00380367,0.00535817,0.00754255,0.010612,0.0149252,0.0209861,inf	39.2316,39.2316,162.807,266.913,491.341,787.374,867.83,724.854,562.145,456.434,397.224,367.528,367.675,408.75,500.644,607.48,684.548,759.059,1024.95,1024.95
0.000676427	-78900801.05	0,1.32826e-05,3.19473e-05,5.81749e-05,9.50296e-05,0.000146818,0.00021959,0.000321849,0.000465543,0.000667461,0.000951194,0.0013499,0.00191015,0.00269741,0.00380367,0.00535817,0.00754255,0.010612,0.0149252,0.0209861,inf	40.9644,40.9644,168.677,267.11,488.936,791.776,875.663,728.624,563.171,457.011,397.334,366.181,364.54,404.784,499.239,612.232,696.101,782.098,1190.05,1190.05
0.00069147	-78898232.26	0,1.32826e-05,3.19473e-05,5.81749e-05,9.50296e-05,0.000146818,0.00021959,0.000321849,0.000465543,0.000667461,0.000951194,0.0013499,0.00191015,0.00269741,0.00380367,0.00535817,0.00754255,0.010612,0.0149252,0.0209861,inf	42.5408,42.5408,174.951,268.496,487.821,796.285,882.526,731.491,563.813,457.599,397.669,365.153,361.73,401.008,497.645,616.393,706.877,804.924,1586.63,1586.63
0.000706097	-78895869.14	0,1.32826e-05,3.19473e-05,5.81749e-05,9.50296e-05,0.000146818,0.00021959,0.000321849,0.000465543,0.000667461,0.000951194,0.0013499,0.00191015,0.00269741,0.00380367,0.00535817,0.00754255,0.010612,0.0149252,0.0209861,inf	43.9193,43.9193,181.376,270.736,487.738,800.933,888.634,733.64,564.145,458.18,398.17,364.378,359.188,397.401,495.899,620.037,716.943,827.475,4552.41,4552.41
0.000706097	-78893685.44	0,1.32826e-05,3.19473e-05,5.81749e-05,9.50296e-05,0.000146818,0.00021959,0.000321849,0.000465543,0.000667461,0.000951194,0.0013499,0.00191015,0.00269741,0.00380367,0.00535817,0.00754255,0.010612,0.0149252,0.0209861,inf	44.7769,44.7769,186.447,271.634,484.898,799.394,886.908,729.583,560.256,455.765,396.39,361.807,355.137,392.226,491.978,621.225,724.848,848.561,118433,118433
0.000706097	-78893386.81	0,1.32826e-05,3.19473e-05,5.81749e-05,9.50296e-05,0.000146818,0.00021959,0.000321849,0.000465543,0.000667461,0.000951194,0.0013499,0.00191015,0.00269741,0.00380367,0.00535817,0.00754255,0.010612,0.0149252,0.0209861,inf	45.0438,45.0438,188.6,271.634,483,800.055,887.399,728.492,558.852,455.415,396.358,360.703,352.28,387.877,488.721,622.771,728.079,848.561,118433,118433
0.000706097	-78893217.10	0,1.32826e-05,3.19473e-05,5.81749e-05,9.50296e-05,0.000146818,0.00021959,0.000321849,0.000465543,0.000667461,0.000951194,0.0013499,0.00191015,0.00269741,0.00380367,0.00535817,0.00754255,0.010612,0.0149252,0.0209861,inf	45.0891,45.0891,190.959,271.634,481.159,800.981,887.672,728.128,558.205,455.85,396.507,360.417,350.138,384.268,485.967,624.61,730.067,848.561,118433,118433
0.000706097	-78893100.54	0,1.32826e-05,3.19473e-05,5.81749e-05,9.50296e-05,0.000146818,0.00021959,0.000321849,0.000465543,0.000667461,0.000951194,0.0013499,0.00191015,0.00269741,0.00380367,0.00535817,0.00754255,0.010612,0.0149252,0.0209861,inf	44.969,44.969,193.068,271.634,479.276,801.847,888.009,727.921,557.796,456.246,396.507,360.417,348.563,381.213,483.6,626.676,731.302,848.561,118433,118433
0.000706097	-78893016.41	0,1.32826e-05,3.19473e-05,5.81749e-05,9.50296e-05,0.000146818,0.00021959,0.000321849,0.000465543,0.000667461,0.000951194,0.0013499,0.00191015,0.00269741,0.00380367,0.00535817,0.00754255,0.010612,0.0149252,0.0209861,inf	44.7424,44.7424,193.78,271.634,477.368,802.627,888.421,727.774,557.543,456.5,396.507,360.417,347.424,378.592,481.538,628.919,731.986,848.561,118433,118433
0.000706097	-78892953.67	0,1.32826e-05,3.19473e-05,5.81749e-05,9.50296e-05,0.000146818,0.00021959,0.000321849,0.000465543,0.000667461,0.000951194,0.0013499,0.00191015,0.00269741,0.00380367,0.00535817,0.00754255,0.010612,0.0149252,0.0209861,inf	44.5341,44.5341,195.295,271.634,475.498,803.351,888.421,727.642,557.401,456.823,396.507,360.417,346.636,376.321,479.72,631.298,732.234,848.561,118433,118433
0.000706097	-78892904.72	0,1.32826e-05,3.19473e-05,5.81749e-05,9.50296e-05,0.000146818,0.00021959,0.000321849,0.000465543,0.000667461,0.000951194,0.0013499,0.00191015,0.00269741,0.00380367,0.00535817,0.00754255,0.010612,0.0149252,0.0209861,inf	44.2974,44.2974,195.814,272.184,473.733,804.11,888.902,727.548,557.347,456.91,396.507,360.417,346.128,374.332,478.106,633.637,732.234,848.561,118433,118433
