The split time is estimated to be around [0.0, 0.0, 0.0] gens (i.e. 0.25,0.5,0.75 quantile)
Initial Chi-Square distance is 2.563171651363942e+273 and final Chi-Square distance is 8.154532502194964e-05
left_boundaries	IM_lambda00	IM_lambda01	IM_lambda11	IM_rCCR	MSMC_lambda00	MSMC_lambda01	MSMC_lambda11	MSMC_rCCR	msmc_N1	msmc_N2	naive_im_N1	naive_im_N2	im_N1	im_N2
0.0	5.003690843972371e-08	0.0	5.000213249089783e-08	0.0	1.4887702999999997e-07	3.948150599999999e-09	1.6360283e-08	0.04778763982926786	3358476.4553672257	30561818.521109935	9992623.756967684	9999573.520009728	19946182.40869946	19960054.765420306
753.7089108910892	2.5010597147247617e-08	2.5008906575738332e-08	2.5010460657013968e-08	0.9999351342629015	1.4887702999999997e-07	3.948150599999999e-09	1.6360283e-08	0.04778763982926786	3358476.4553672257	30561818.521109935	9992623.756967684	9999573.520009728	19985236.592080265	19999136.110568322
1866.0099009900991	1.5681306569822147e-08	1.5681247896537685e-08	1.568130623001847e-08	0.9999962692277587	1.4887702999999997e-07	6.2969763e-09	1.6360283e-08	0.07621736502093812	3358476.4553672257	30561818.521109935	1.1421558291614975	1.1421579826417467	2.2843104100203893	2.284314716978534
3507.514851485149	1.957901706563506e-07	1.9578943760538297e-07	1.9579016641327635e-07	0.9999962667715341	7.032547179999998e-07	6.854253899999999e-08	5.224384479e-07	0.11184289984952425	710979.9439696047	957050.542527653	1.0464605769132822	1.0464540688001678	2.0929200111977804	2.092906994978658
5930.009900990099	6.238647279227865e-07	6.238623819890798e-07	6.238647143952714e-07	0.9999962505173481	1.0674302159999996e-06	3.3936807999999997e-07	1.0907338449999998e-06	0.31449701728676877	468414.69587928563	458406.97278445604	1.045985234329381	1.0459898009798738	2.091969331648408	2.0919784649444297
9505.059405940594	6.765415893465296e-07	6.765390471920394e-07	6.765415746435177e-07	0.9999962532931431	1.8095644799999995e-06	7.5903217e-07	1.7281948399999995e-06	0.42910333990724964	276309.5791977527	289319.22976925457	1.0616956659622026	1.0527123707557124	2.123391331902212	2.1054247414894194
14780.990099009901	2.180662823137602e-08	2.180654525201628e-08	2.180662775576283e-08	0.9999962056695254	3.300074e-06	1.5565413e-06	2.4488379199999997e-06	0.5415081398568375	151511.75397885017	204178.47825551478	1.0467322200605922	1.0467725107470864	2.0934644401134808	2.093545021486469
22567.128712871287	7.434386639565395e-09	7.4343586008715555e-09	7.4343864773913685e-09	0.9999962394198086	4.454124239999999e-06	2.4068400999999998e-06	2.9902665999999995e-06	0.6466184142475786	112255.51265718625	167209.1712491455	1.0501946344734767	1.050204799504907	2.1003892689444474	2.1004095990073077
34057.72277227723	2.2041425889144247e-09	2.204134276650827e-09	2.2041425408299156e-09	0.9999962397072336	4.506564449999999e-06	2.7880241999999995e-06	3.0964125499999997e-06	0.7334032971558377	110949.26202597638	161477.19075741377	1.015867502484659	1.015868696062227	2.031735004968349	2.031737392123485
51015.14851485149	5.372041237840256e-10	5.372020975051893e-10	5.372041120640146e-10	0.999996239010902	4.0130168400000005e-06	2.9293535e-06	3.02840925e-06	0.8320341540359759	124594.54319160045	165103.18082009556	1.0405924422661517	1.0405924369284212	2.0811848845316687	2.0811848738562078
76040.49504950496	3.215990664539249e-30	3.215978537229341e-30	3.215990594375698e-30	0.999996239967859	3.5534325e-06	3.1295455999999997e-06	3.03722352e-06	0.9496916818304832	140709.01867419743	164624.03794370723	1.050165803277135	1.0501658009118184	2.1003316065536293	2.100331601822996
112972.27722772278	6.966807258893012e-32	6.966780982947074e-32	6.966807106900064e-32	0.9999962393175559	3.33166074e-06	3.413901e-06	3.1295698399999995e-06	1.056733994470756	150075.30448613444	159766.36584662384	1.1150315242734314	1.1150315215130333	2.2300630485461825	2.2300630430253863
167475.24752475249	6.966807262567796e-32	6.966780982900238e-32	6.966807110572295e-32	0.999996238783548	3.3793802099999994e-06	3.8232439e-06	3.3536645999999992e-06	1.1356656632736715	147956.12477117515	149090.63953503285	1.0228505627995648	1.0228505602711973	2.0457011255985056	2.0457011205417706
247908.91089108912	8.015967369592674e-35	8.015937142815595e-35	8.015967194714585e-35	0.9999962400871942	3.945659939999999e-06	4.5173563e-06	3.933884350000001e-06	1.146603441453592	126721.51366394745	127100.83864056652	1.050114254467554	1.050114251894533	2.1002285089344674	2.1002285037884256
366610.89108910895	4.049868340092271e-27	4.049853036172349e-27	4.0498682517354155e-27	0.9999962320400617	5.21460778e-06	5.6276493e-06	5.36918626e-06	1.0634464878532348	95884.48855495706	93123.98113750668	1.0396502969254	1.0396501448160587	2.0793005938501654	2.079300289631483
541788.1188118812	8.015967254949381e-35	8.015937019342341e-35	8.015967080065365e-35	0.9999962389859637	6.689391599999999e-06	6.5012488e-06	6.430384169999999e-06	0.9910609623170413	74745.21300262943	77755.85202711148	1.0396499936549697	1.0396499907875105	2.079299987309305	2.079299981574387
800310.891089109	8.015967257390617e-35	8.015937019877385e-35	8.015967082505272e-35	0.9999962387482484	7.575155540000001e-06	6.9920582999999994e-06	7.00379248e-06	0.9591992907043781	66005.24535236142	71389.89360804134	1.0396502969210666	1.0396501448063256	2.079300593841499	2.0793002896120165
1181831.6831683167	1.5095610057042302e-41	1.5095553114777032e-41	1.509560972769959e-41	0.9999962388009282	8.11425314e-06	7.2179649999999994e-06	7.6512247e-06	0.9156671397154429	61619.96567930588	65349.015302086205	1.0396501445358508	1.0396501359889698	2.0793002890717016	2.0793002719779397
1744871.2871287127	2.0763383870356894e-90	2.076330552825275e-90	2.0763383417344063e-90	0.9999962378194677	0.0008755812603899999	0.0008618016899999999	0.0006284023100500001	1.1460254047161889	571.0492248055775	795.668621842298	1.0501658008370247	1.0501657921158207	2.1003316016740494	2.1003315842316415
2575782.178217822	1.5822053301922871e-162	1.5821993633899278e-162	1.5822052956742468e-162	0.9999962397147256	0.0009719573399999999	0.0008618016899999999	0.00089433076	0.9235462520497237	514.4258697609096	559.0772702484257	1.0501658008370247	1.0501657921158207	2.1003316016740494	2.1003315842316415
