The split time is estimated to be around [0.0, 0.0, 0.0] gens (i.e. 0.25,0.5,0.75 quantile)
Initial Chi-Square distance is 1.329043631847296e+277 and final Chi-Square distance is 8.307810346721859e-05
left_boundaries	IM_lambda00	IM_lambda01	IM_lambda11	IM_rCCR	MSMC_lambda00	MSMC_lambda01	MSMC_lambda11	MSMC_rCCR	msmc_N1	msmc_N2	naive_im_N1	naive_im_N2	im_N1	im_N2
0.0	7.004845548199582e-08	0.0	6.04032346030955e-08	0.0	1.8963558000000003e-07	4.0128915999999995e-09	7.669111800000001e-08	0.030135105718916685	2636636.0152456616	6519659.812496147	7137916.1261951355	8277702.399307874	14262562.577637142	16540016.215085197
741.3960396039605	3.262276057939693e-08	3.261201990666566e-08	3.260463358500306e-08	0.9999485745044449	1.8963558000000003e-07	4.0128915999999995e-09	7.669111800000001e-08	0.030135105718916685	2636636.0152456616	6519659.812496147	7137916.1261951355	8277702.399307874	14275831.01369771	16555403.362128092
1835.5247524752476	4.755364587685505e-08	4.755171451431568e-08	4.755335879575329e-08	0.9999624039891774	1.8963558000000003e-07	1.7994463e-08	7.669111800000001e-08	0.13513074832625302	2636636.0152456616	6519659.812496147	1.112029058758369	1.112025571990575	2.224057924568184	2.2240509510332007
3450.2178217821784	1.5924780615642624e-07	1.5924133737560924e-07	1.592468446314658e-07	0.9999623979974422	8.713467959999998e-07	5.7741296e-08	4.825092593999999e-07	0.08529901797121292	573824.3398556091	1036249.5439398403	1.0413860470670746	1.0413862080276228	2.0827719135800384	2.082772235501107
5833.138613861386	5.671076442825678e-07	5.670845916134862e-07	5.67104218706263e-07	0.9999623705559331	1.2358703399999999e-06	2.9228895e-07	9.529360099999999e-07	0.2670761166240221	404573.18524207	524694.2027093719	1.0413812711820272	1.0413841678044833	2.0827623625315184	2.0827681557759306
9349.782178217822	9.74248776467376e-07	9.742091031632862e-07	9.742428796434013e-07	0.9999623042859975	1.9136167e-06	9.405867399999999e-07	1.7773475e-06	0.5096699339430059	261285.34517910506	281318.0877684302	1.041684465845795	1.0358174082746419	2.0833689316852686	2.071634816542997
14539.60396039604	3.288009096042595e-08	3.287874525085013e-08	3.287989093646127e-08	0.9999621138097199	3.29944275e-06	1.8107885999999998e-06	2.7960739e-06	0.5941378570428479	151540.74123577384	178822.16918515638	1.0415314754830944	1.0415877544179508	2.083062950963868	2.0831755088335804
22198.51485148515	1.1584772157391729e-08	1.1584297887088214e-08	1.1584692547874132e-08	0.9999624967127861	4.4819578199999995e-06	2.6010833e-06	3.1873862799999995e-06	0.6783065842618797	111558.39034647588	156868.341668334	1.0189740592244625	1.0189886153519032	2.0379481184481607	2.037977230703042
33501.28712871287	3.7620469604619745e-09	3.761892700570887e-09	3.7620238493930945e-09	0.9999620672478359	4.491562920000001e-06	2.8310703999999997e-06	3.2447764999999993e-06	0.7318888808526448	111319.82539387423	154093.81817206828	1.085467655119953	1.0854706054763106	2.1709353102396345	2.17094121095235
50181.78217821782	9.605738617488889e-10	9.605345298829832e-10	9.605680150499798e-10	0.9999620970039842	4.0014028499999995e-06	2.9886304e-06	3.18629346e-06	0.8315961807796524	124956.17630701694	156922.1436370773	1.0446495735519234	1.0446495585208933	2.0892991471037092	2.0892991170416484
74798.31683168317	1.2621517664092325e-10	1.2621000839845215e-10	1.262144084813684e-10	0.9999620950714524	3.5805530199999986e-06	3.207861e-06	3.1491274800000006e-06	0.9533471908510367	139643.23310034387	158774.13765415424	1.041520356570181	1.0415202266302217	2.083040713140242	2.0830404532603235
111126.73267326734	7.815529192065579e-32	7.81520915435195e-32	7.815481623035185e-32	0.9999620941726757	3.3489297200000005e-06	3.4837020999999998e-06	3.2132978299999993e-06	1.0617437671755225	149301.43114499276	155603.3789746779	1.001521164046538	1.001521204171406	2.003042328092961	2.003042408342697
164739.60396039605	4.543238088757186e-27	4.543052036657947e-27	4.543210404903676e-27	0.9999620951634504	3.405832109999999e-06	3.903660099999999e-06	3.4679642799999993e-06	1.1358090576203408	146807.00159351077	144176.802190131	1.0342114344625675	1.0342114342414201	2.068422868925016	2.0684228684827213
243859.40594059406	8.992501696492356e-35	8.992133476545291e-35	8.992446964327848e-35	0.9999620956532889	4.0636542e-06	4.6290017e-06	4.1825493799999985e-06	1.12269886502123	123041.96552944885	119544.31485994798	1.0509371515676835	1.0509371310214914	2.101874303135246	2.1018742620428617
360621.78217821784	8.99250170417201e-35	8.992133474760098e-35	8.992446971180114e-35	0.9999620946467942	5.32700664e-06	5.6573938e-06	5.450149879999999e-06	1.0498861716448376	93861.34348801937	91740.5963154907	1.0501658006561936	1.0501658032359664	2.100331601312266	2.1003316064718116
532937.6237623763	8.992501634267067e-35	8.992133396176228e-35	8.992446887092852e-35	0.9999620944699033	6.813555949999999e-06	6.599592499999999e-06	6.52607864e-06	0.9894712565736029	73383.12089445748	76615.68724216294	1.0501658006561936	1.0501658032359664	2.100331601312266	2.1003316064718116
787236.6336633663	6.054017984865469e-12	6.053770082823935e-12	6.053981136799144e-12	0.999962094809214	7.814693199999999e-06	7.339276099999999e-06	7.070383799999997e-06	0.986125379129715	63982.0383479674	70717.51889904481	1.0501658013753237	1.0501658032764318	2.1003316027506473	2.100331606552863
1162524.7524752477	1.776641008094963e-43	1.7765682580181252e-43	1.7766301945471834e-43	0.9999620950391302	8.282967579999998e-06	7.545639299999999e-06	7.4012497e-06	0.9621952011111136	60364.83846771257	67556.15879302112	1.0501658032758536	1.0501658032229984	2.1003316065517073	2.1003316064459967
1716366.3366336636	1.4572086931440767e-91	1.457149023110554e-91	1.457199823869325e-91	0.9999620949528357	0.0008843194279000001	0.00087590735	7.652480129999996e-06	1.9639796771952602	565.4065535881685	65338.29444912263	1.0324875698327869	1.032487427308547	2.0649751396655738	2.064974854617094
2533702.9702970297	1.584469317032995e-162	1.5844044205935343e-162	1.5844596731915686e-162	0.9999620852856388	0.0009816462699999999	0.00087590735	7.702865999999999e-06	1.7706739069715023	509.34844381367645	64910.904590577076	1.0324875698327869	1.032487427308547	2.0649751396655738	2.064974854617094
