0.000651287	-250900452.65	0,7.53419e-06,1.86529e-05,3.50617e-05,5.92773e-05,9.50141e-05,0.000147753,0.000225585,0.000340446,0.000509955,0.000760113,0.00112929,0.00167411,0.00247814,0.0036647,0.0054158,0.00800003,0.0118138,0.017442,0.0257479,inf	26.1999,26.1999,58.0797,97.4938,145.488,195.479,239.547,275.452,304.418,330.635,356.166,381.867,406.73,425.662,432.151,430.177,425.97,420.647,416.087,416.087
0.000668356	-250812342.87	0,7.53419e-06,1.86529e-05,3.50617e-05,5.92773e-05,9.50141e-05,0.000147753,0.000225585,0.000340446,0.000509955,0.000760113,0.00112929,0.00167411,0.00247814,0.0036647,0.0054158,0.00800003,0.0118138,0.017442,0.0257479,inf	2.86109,2.86109,13.7409,37.8529,79.859,135.48,189.991,235.476,271.135,304.118,337.935,374.374,412.901,446.167,460.81,460.504,455.151,446.481,438.345,438.345
0.000683287	-250775234.60	0,7.53419e-06,1.86529e-05,3.50617e-05,5.92773e-05,9.50141e-05,0.000147753,0.000225585,0.000340446,0.000509955,0.000760113,0.00112929,0.00167411,0.00247814,0.0036647,0.0054158,0.00800003,0.0118138,0.017442,0.0257479,inf	0.464099,0.464099,4.5773,19.7933,55.1776,111.712,171.363,221.003,257.528,291.328,327.38,368.419,414.87,459.14,482.518,486.3,482.336,472.281,461.754,461.754
0.000696373	-250755366.43	0,7.53419e-06,1.86529e-05,3.50617e-05,5.92773e-05,9.50141e-05,0.000147753,0.000225585,0.000340446,0.000509955,0.000760113,0.00112929,0.00167411,0.00247814,0.0036647,0.0054158,0.00800003,0.0118138,0.017442,0.0257479,inf	0.394714,0.394714,1.99331,12.7158,43.7816,100.983,164.696,217.059,252.547,284.967,320.704,363.356,414.372,467.037,499.007,508.362,507.806,498.266,486.752,486.752
0.000708041	-250743071.86	0,7.53419e-06,1.86529e-05,3.50617e-05,5.92773e-05,9.50141e-05,0.000147753,0.000225585,0.000340446,0.000509955,0.000760113,0.00112929,0.00167411,0.00247814,0.0036647,0.0054158,0.00800003,0.0118138,0.017442,0.0257479,inf	0.394714,0.394714,1.05906,9.43271,37.7853,95.7654,163.14,217.825,251.708,281.986,316.316,359.041,412.551,471.562,511.604,527.376,531.821,524.669,513.906,513.906
0.000718638	-250734690.29	0,7.53419e-06,1.86529e-05,3.50617e-05,5.92773e-05,9.50141e-05,0.000147753,0.000225585,0.000340446,0.000509955,0.000760113,0.00112929,0.00167411,0.00247814,0.0036647,0.0054158,0.00800003,0.0118138,0.017442,0.0257479,inf	0.394714,0.394714,0.647929,7.74165,34.3529,93.0749,163.742,220.633,252.887,280.897,313.408,355.407,410.097,473.852,521.276,543.887,554.599,551.728,543.981,543.981
0.000728418	-250728562.55	0,7.53419e-06,1.86529e-05,3.50617e-05,5.92773e-05,9.50141e-05,0.000147753,0.000225585,0.000340446,0.000509955,0.000760113,0.00112929,0.00167411,0.00247814,0.0036647,0.0054158,0.00800003,0.0118138,0.017442,0.0257479,inf	0.394714,0.394714,0.442293,6.8256,32.2916,91.6017,165.126,224.174,254.998,280.898,311.518,352.39,407.409,474.659,528.729,558.328,576.317,579.695,578.095,578.095
0.000737565	-250723846.14	0,7.53419e-06,1.86529e-05,3.50617e-05,5.92773e-05,9.50141e-05,0.000147753,0.000225585,0.000340446,0.000509955,0.000760113,0.00112929,0.00167411,0.00247814,0.0036647,0.0054158,0.00800003,0.0118138,0.017442,0.0257479,inf	0.394714,0.394714,0.394703,6.33221,31.0375,90.7403,166.658,227.795,257.464,281.534,310.354,349.919,404.713,474.478,534.474,571.04,597.118,608.853,617.986,617.986
0.000746208	-250720069.12	0,7.53419e-06,1.86529e-05,3.50617e-05,5.92773e-05,9.50141e-05,0.000147753,0.000225585,0.000340446,0.000509955,0.000760113,0.00112929,0.00167411,0.00247814,0.0036647,0.0054158,0.00800003,0.0118138,0.017442,0.0257479,inf	0.394714,0.394714,0.394703,6.08346,30.2995,90.2144,168.06,231.183,259.974,282.53,309.719,347.928,402.13,473.643,538.889,582.294,617.121,639.53,666.647,666.647
0.000754442	-250716951.96	0,7.53419e-06,1.86529e-05,3.50617e-05,5.92773e-05,9.50141e-05,0.000147753,0.000225585,0.000340446,0.000509955,0.000760113,0.00112929,0.00167411,0.00247814,0.0036647,0.0054158,0.00800003,0.0118138,0.017442,0.0257479,inf	0.394714,0.394714,0.394703,5.98825,29.9114,89.8976,169.241,234.21,262.369,283.719,309.476,346.347,399.719,472.376,542.257,592.305,636.422,672.133,729.972,729.972
0.000762336	-250714316.06	0,7.53419e-06,1.86529e-05,3.50617e-05,5.92773e-05,9.50141e-05,0.000147753,0.000225585,0.000340446,0.000509955,0.000760113,0.00112929,0.00167411,0.00247814,0.0036647,0.0054158,0.00800003,0.0118138,0.017442,0.0257479,inf	0.394714,0.394714,0.394703,5.99175,29.7737,89.7333,170.197,236.844,264.569,284.997,309.525,345.118,397.507,470.829,544.79,601.251,655.105,707.171,822.116,822.116
0.000769944	-250712041.12	0,7.53419e-06,1.86529e-05,3.50617e-05,5.92773e-05,9.50141e-05,0.000147753,0.000225585,0.000340446,0.000509955,0.000760113,0.00112929,0.00167411,0.00247814,0.0036647,0.0054158,0.00800003,0.0118138,0.017442,0.0257479,inf	0.394714,0.394714,0.394703,6.05926,29.8196,89.6986,170.961,239.1,266.542,286.295,309.79,344.185,395.497,469.106,546.65,609.274,673.237,745.316,992.461,992.461
0.000777304	-250710043.84	0,7.53419e-06,1.86529e-05,3.50617e-05,5.92773e-05,9.50141e-05,0.000147753,0.000225585,0.000340446,0.000509955,0.000760113,0.00112929,0.00167411,0.00247814,0.0036647,0.0054158,0.00800003,0.0118138,0.017442,0.0257479,inf	0.394714,0.394714,0.394703,6.16961,30.0046,89.782,171.579,241.019,268.284,287.572,310.214,343.503,393.683,467.279,547.965,616.494,690.876,787.464,1619.62,1619.62
0.000784447	-250708264.48	0,7.53419e-06,1.86529e-05,3.50617e-05,5.92773e-05,9.50141e-05,0.000147753,0.000225585,0.000340446,0.000509955,0.000760113,0.00112929,0.00167411,0.00247814,0.0036647,0.0054158,0.00800003,0.0118138,0.017442,0.0257479,inf	0.394714,0.394714,0.394703,6.3087,30.2969,89.9763,172.097,242.646,269.801,288.799,310.753,343.03,392.055,465.398,548.834,623.01,708.069,834.76,19658,19658
0.000791002	-250706660.89	0,7.53419e-06,1.86529e-05,3.50617e-05,5.92773e-05,9.50141e-05,0.000147753,0.000225585,0.000340446,0.000509955,0.000760113,0.00112929,0.00167411,0.00247814,0.0036647,0.0054158,0.00800003,0.0118138,0.017442,0.0257479,inf	0.394714,0.394714,0.394703,6.46184,30.6645,90.2613,172.532,243.998,271.077,289.925,311.335,342.688,390.545,463.437,549.276,628.858,724.827,889.067,86095,86095
0.000791002	-250705256.02	0,7.53419e-06,1.86529e-05,3.50617e-05,5.92773e-05,9.50141e-05,0.000147753,0.000225585,0.000340446,0.000509955,0.000760113,0.00112929,0.00167411,0.00247814,0.0036647,0.0054158,0.00800003,0.0118138,0.017442,0.0257479,inf	0.394714,0.394714,0.394703,6.60516,31.0079,90.4015,172.499,244.547,271.521,290.337,311.309,341.788,388.413,460.568,548.542,631.809,724.827,889.067,86094.9,86094.9
0.000791002	-250705060.12	0,7.53419e-06,1.86529e-05,3.50617e-05,5.92773e-05,9.50141e-05,0.000147753,0.000225585,0.000340446,0.000509955,0.000760113,0.00112929,0.00167411,0.00247814,0.0036647,0.0054158,0.00800003,0.0118138,0.017442,0.0257479,inf	0.394714,0.394714,0.394703,6.69935,31.2471,90.4109,172.295,244.961,272,290.551,311.309,341.398,386.783,458.217,548.092,633.783,724.827,889.067,86094.9,86094.9
0.000791002	-250704942.98	0,7.53419e-06,1.86529e-05,3.50617e-05,5.92773e-05,9.50141e-05,0.000147753,0.000225585,0.000340446,0.000509955,0.000760113,0.00112929,0.00167411,0.00247814,0.0036647,0.0054158,0.00800003,0.0118138,0.017442,0.0257479,inf	0.394714,0.394714,0.394703,6.76332,31.4282,90.372,172.024,245.278,272.492,290.74,311.309,341.398,385.625,456.28,547.86,635.163,724.845,889.067,86094.9,86094.9
0.000791002	-250704869.14	0,7.53419e-06,1.86529e-05,3.50617e-05,5.92773e-05,9.50141e-05,0.000147753,0.000225585,0.000340446,0.000509955,0.000760113,0.00112929,0.00167411,0.00247814,0.0036647,0.0054158,0.00800003,0.0118138,0.017442,0.0257479,inf	0.394714,0.394714,0.394703,6.80528,31.5668,90.2894,171.666,245.502,272.933,291.587,312.166,341.445,384.791,454.648,547.818,635.168,725.545,889.067,86094.8,86094.8
0.000791002	-250704832.02	0,7.53419e-06,1.86529e-05,3.50617e-05,5.92773e-05,9.50141e-05,0.000147753,0.000225585,0.000340446,0.000509955,0.000760113,0.00112929,0.00167411,0.00247814,0.0036647,0.0054158,0.00800003,0.0118138,0.017442,0.0257479,inf	0.394714,0.394714,0.394703,6.83368,31.6875,90.1972,171.226,245.553,273.187,292.282,312.873,341.445,383.841,452.547,547.95,636.326,725.555,889.067,86094.7,86094.7
