0.000670602	-109010734.58	0,1.75622e-05,4.22405e-05,7.69183e-05,0.000125647,0.000194121,0.00029034,0.000425546,0.000615537,0.000882511,0.00125766,0.00178482,0.00252558,0.00356649,0.00502918,0.00708453,0.0099727,0.0140311,0.019734,0.0277477,inf	88.3108,88.3108,160.307,209.979,250.176,278.699,298.299,313.132,327.839,344.747,364.451,386.591,408.127,422.189,425.301,420.991,414.295,408.272,406.107,406.107
0.000690763	-108976020.28	0,1.75622e-05,4.22405e-05,7.69183e-05,0.000125647,0.000194121,0.00029034,0.000425546,0.000615537,0.000882511,0.00125766,0.00178482,0.00252558,0.00356649,0.00502918,0.00708453,0.0099727,0.0140311,0.019734,0.0277477,inf	35.5255,35.5255,102.442,158.951,210.762,248.399,272.303,288.415,304.99,326.105,353.027,386.25,422.555,450.144,459.42,453.913,442.565,431.791,428.829,428.829
0.000709101	-108959978.92	0,1.75622e-05,4.22405e-05,7.69183e-05,0.000125647,0.000194121,0.00029034,0.000425546,0.000615537,0.000882511,0.00125766,0.00178482,0.00252558,0.00356649,0.00502918,0.00708453,0.0099727,0.0140311,0.019734,0.0277477,inf	20.1728,20.1728,81.5244,139.484,197.859,240.842,265.686,279.618,294.361,315.482,344.788,383.837,430.599,470.648,487.86,483.537,469.388,455.166,453.087,453.087
0.000725755	-108950562.18	0,1.75622e-05,4.22405e-05,7.69183e-05,0.000125647,0.000194121,0.00029034,0.000425546,0.000615537,0.000882511,0.00125766,0.00178482,0.00252558,0.00356649,0.00502918,0.00708453,0.0099727,0.0140311,0.019734,0.0277477,inf	14.139,14.139,72.5913,130.823,194.146,241.475,266.544,277.459,289.276,308.827,338.316,380.307,434.51,485.684,511.689,510.288,494.941,478.56,479.444,479.444
0.000741051	-108944285.96	0,1.75622e-05,4.22405e-05,7.69183e-05,0.000125647,0.000194121,0.00029034,0.000425546,0.000615537,0.000882511,0.00125766,0.00178482,0.00252558,0.00356649,0.00502918,0.00708453,0.0099727,0.0140311,0.019734,0.0277477,inf	11.2957,11.2957,68.5107,126.399,193.658,244.925,270.293,278.274,287.033,304.479,333.095,376.332,435.799,496.728,531.805,534.561,519.396,502.142,508.667,508.667
0.000755275	-108939753.78	0,1.75622e-05,4.22405e-05,7.69183e-05,0.000125647,0.000194121,0.00029034,0.000425546,0.000615537,0.000882511,0.00125766,0.00178482,0.00252558,0.00356649,0.00502918,0.00708453,0.0099727,0.0140311,0.019734,0.0277477,inf	9.80193,9.80193,66.7154,123.796,194.109,248.985,274.947,280.41,286.366,301.621,328.862,372.309,435.443,504.834,548.921,556.697,542.904,526.087,541.855,541.855
0.000768645	-108936292.57	0,1.75622e-05,4.22405e-05,7.69183e-05,0.000125647,0.000194121,0.00029034,0.000425546,0.000615537,0.000882511,0.00125766,0.00178482,0.00252558,0.00356649,0.00502918,0.00708453,0.0099727,0.0140311,0.019734,0.0277477,inf	8.97638,8.97638,66.1335,122.061,194.644,252.763,279.615,283.07,286.614,299.795,325.441,368.447,434.062,510.756,563.591,576.978,565.591,550.568,580.719,580.719
0.000781321	-108933536.25	0,1.75622e-05,4.22405e-05,7.69183e-05,0.000125647,0.000194121,0.00029034,0.000425546,0.000615537,0.000882511,0.00125766,0.00178482,0.00252558,0.00356649,0.00502918,0.00708453,0.0099727,0.0140311,0.019734,0.0277477,inf	8.51604,8.51604,66.2607,120.825,195.002,255.951,283.914,285.85,287.405,298.711,322.695,364.847,432.056,515.032,576.252,595.64,587.564,575.775,628.135,628.135
0.000793423	-108931268.22	0,1.75622e-05,4.22405e-05,7.69183e-05,0.000125647,0.000194121,0.00029034,0.000425546,0.000615537,0.000882511,0.00125766,0.00178482,0.00252558,0.00356649,0.00502918,0.00708453,0.0099727,0.0140311,0.019734,0.0277477,inf	8.26875,8.26875,66.8305,119.942,195.162,258.502,287.704,288.548,288.516,298.175,320.51,361.547,429.679,518.051,587.244,612.878,608.914,601.913,689.664,689.664
0.00080504	-108929352.40	0,1.75622e-05,4.22405e-05,7.69183e-05,0.000125647,0.000194121,0.00029034,0.000425546,0.000615537,0.000882511,0.00125766,0.00178482,0.00252558,0.00356649,0.00502918,0.00708453,0.0099727,0.0140311,0.019734,0.0277477,inf	8.14708,8.14708,67.6911,119.349,195.183,260.481,290.962,291.064,289.805,298.049,318.793,358.552,427.095,520.101,596.839,628.856,629.719,629.221,778.299,778.299
0.000816241	-108927699.22	0,1.75622e-05,4.22405e-05,7.69183e-05,0.000125647,0.000194121,0.00029034,0.000425546,0.000615537,0.000882511,0.00125766,0.00178482,0.00252558,0.00356649,0.00502918,0.00708453,0.0099727,0.0140311,0.019734,0.0277477,inf	8.10794,8.10794,68.7443,119.012,195.143,261.989,293.719,293.351,291.182,298.229,317.465,355.848,424.413,521.395,605.255,643.715,650.049,657.974,936.988,936.988
0.000827077	-108926247.47	0,1.75622e-05,4.22405e-05,7.69183e-05,0.000125647,0.000194121,0.00029034,0.000425546,0.000615537,0.000882511,0.00125766,0.00178482,0.00252558,0.00356649,0.00502918,0.00708453,0.0099727,0.0140311,0.019734,0.0277477,inf	8.1154,8.1154,69.9205,118.905,195.11,263.13,296.029,295.396,292.585,298.639,316.46,353.414,421.702,522.094,612.667,657.572,669.961,688.481,1473.92,1473.92
0.000837592	-108924954.01	0,1.75622e-05,4.22405e-05,7.69183e-05,0.000125647,0.000194121,0.00029034,0.000425546,0.000615537,0.000882511,0.00125766,0.00178482,0.00252558,0.00356649,0.00502918,0.00708453,0.0099727,0.0140311,0.019734,0.0277477,inf	8.15892,8.15892,71.1664,119,195.134,263.997,297.95,297.2,293.975,299.219,315.723,351.226,419.007,522.321,619.219,670.528,689.504,721.023,11954,11954
0.000837592	-108923787.80	0,1.75622e-05,4.22405e-05,7.69183e-05,0.000125647,0.000194121,0.00029034,0.000425546,0.000615537,0.000882511,0.00125766,0.00178482,0.00252558,0.00356649,0.00502918,0.00708453,0.0099727,0.0140311,0.019734,0.0277477,inf	8.19127,8.19127,72.1602,118.799,194.477,263.635,298.395,297.672,294.272,298.897,314.182,348.192,415.135,520.769,623.771,681.725,708.099,755.612,89249.6,89249.6
0.000837592	-108923447.09	0,1.75622e-05,4.22405e-05,7.69183e-05,0.000125647,0.000194121,0.00029034,0.000425546,0.000615537,0.000882511,0.00125766,0.00178482,0.00252558,0.00356649,0.00502918,0.00708453,0.0099727,0.0140311,0.019734,0.0277477,inf	8.18356,8.18356,72.9351,118.585,193.877,263.293,298.934,298.451,295.019,298.897,313.431,345.912,411.903,519.549,627.29,681.725,708.099,755.612,89249.6,89249.6
0.000837592	-108923318.56	0,1.75622e-05,4.22405e-05,7.69183e-05,0.000125647,0.000194121,0.00029034,0.000425546,0.000615537,0.000882511,0.00125766,0.00178482,0.00252558,0.00356649,0.00502918,0.00708453,0.0099727,0.0140311,0.019734,0.0277477,inf	8.15175,8.15175,73.5369,118.333,193.222,262.82,299.341,299.214,295.36,298.897,313.191,344.206,409.23,518.785,627.293,683.555,708.099,755.612,89249.5,89249.5
0.000837592	-108923245.60	0,1.75622e-05,4.22405e-05,7.69183e-05,0.000125647,0.000194121,0.00029034,0.000425546,0.000615537,0.000882511,0.00125766,0.00178482,0.00252558,0.00356649,0.00502918,0.00708453,0.0099727,0.0140311,0.019734,0.0277477,inf	8.10697,8.10697,74.0446,118.119,192.618,262.311,299.689,299.981,296.49,298.897,313.305,342.966,407.026,518.254,629.175,683.597,708.099,755.612,89249.5,89249.5
0.000837592	-108923185.59	0,1.75622e-05,4.22405e-05,7.69183e-05,0.000125647,0.000194121,0.00029034,0.000425546,0.000615537,0.000882511,0.00125766,0.00178482,0.00252558,0.00356649,0.00502918,0.00708453,0.0099727,0.0140311,0.019734,0.0277477,inf	8.05667,8.05667,74.4758,117.934,192.023,261.668,299.809,300.552,296.49,298.897,313.305,342.012,405.125,517.924,630.717,683.597,708.099,755.612,89249.5,89249.5
0.000837592	-108923142.22	0,1.75622e-05,4.22405e-05,7.69183e-05,0.000125647,0.000194121,0.00029034,0.000425546,0.000615537,0.000882511,0.00125766,0.00178482,0.00252558,0.00356649,0.00502918,0.00708453,0.0099727,0.0140311,0.019734,0.0277477,inf	8.00773,8.00773,74.8576,117.815,191.537,261.074,299.925,301.189,297.193,298.897,313.305,341.317,403.481,517.806,630.718,683.597,708.69,755.612,89249.5,89249.5
0.000837592	-108923122.58	0,1.75622e-05,4.22405e-05,7.69183e-05,0.000125647,0.000194121,0.00029034,0.000425546,0.000615537,0.000882511,0.00125766,0.00178482,0.00252558,0.00356649,0.00502918,0.00708453,0.0099727,0.0140311,0.019734,0.0277477,inf	7.95852,7.95852,75.1933,117.747,191.115,260.439,299.915,301.709,297.691,298.897,313.305,340.829,402.05,517.809,631.585,683.619,708.69,755.612,89249.5,89249.5
