0.000674312	-110148194.08	0,1.7676e-05,4.25141e-05,7.74165e-05,0.000126461,0.000195378,0.00029222,0.000428302,0.000619524,0.000888227,0.00126581,0.00179638,0.00254194,0.00358959,0.00506175,0.00713041,0.0100373,0.014122,0.0198618,0.0279274,inf	73.773,73.773,144.177,199.006,243.428,274.175,294.533,310.144,325.263,342.452,362.461,384.932,406.573,420.248,422.938,418.94,412.448,406.175,400.886,400.886
0.000693991	-110111841.69	0,1.7676e-05,4.25141e-05,7.74165e-05,0.000126461,0.000195378,0.00029222,0.000428302,0.000619524,0.000888227,0.00126581,0.00179638,0.00254194,0.00358959,0.00506175,0.00713041,0.0100373,0.014122,0.0198618,0.0279274,inf	23.534,23.534,82.6074,145,202.907,243.564,268.183,285.375,302.432,323.869,351.227,385.018,421.61,448.563,457.04,452.243,441.371,430.021,419.295,419.295
0.000711815	-110095179.10	0,1.7676e-05,4.25141e-05,7.74165e-05,0.000126461,0.000195378,0.00029222,0.000428302,0.000619524,0.000888227,0.00126581,0.00179638,0.00254194,0.00358959,0.00506175,0.00713041,0.0100373,0.014122,0.0198618,0.0279274,inf	10.2809,10.2809,59.0976,123.499,189.52,236.028,261.37,276.592,291.81,313.237,343.05,382.848,430.081,469.303,485.353,482.189,468.847,453.619,437.199,437.199
0.000727936	-110085474.44	0,1.7676e-05,4.25141e-05,7.74165e-05,0.000126461,0.000195378,0.00029222,0.000428302,0.000619524,0.000888227,0.00126581,0.00179638,0.00254194,0.00358959,0.00506175,0.00713041,0.0100373,0.014122,0.0198618,0.0279274,inf	5.58284,5.58284,47.8719,113.289,185.612,236.793,262.069,274.464,286.723,306.549,336.594,379.476,434.313,484.493,508.97,509.199,495.036,477.082,454.563,454.563
0.000742693	-110079057.62	0,1.7676e-05,4.25141e-05,7.74165e-05,0.000126461,0.000195378,0.00029222,0.000428302,0.000619524,0.000888227,0.00126581,0.00179638,0.00254194,0.00358959,0.00506175,0.00713041,0.0100373,0.014122,0.0198618,0.0279274,inf	3.5736,3.5736,41.7346,107.739,185.119,240.409,265.658,275.31,284.472,302.16,331.372,375.621,435.865,495.641,528.81,533.67,520.098,500.537,471.358,471.358
0.00075638	-110074460.01	0,1.7676e-05,4.25141e-05,7.74165e-05,0.000126461,0.000195378,0.00029222,0.000428302,0.000619524,0.000888227,0.00126581,0.00179638,0.00254194,0.00358959,0.00506175,0.00713041,0.0100373,0.014122,0.0198618,0.0279274,inf	2.60798,2.60798,38.1211,104.378,185.692,244.629,270.136,277.471,283.791,299.261,327.134,371.701,435.737,503.821,545.603,555.941,544.172,524.108,487.552,487.552
0.000769218	-110070975.33	0,1.7676e-05,4.25141e-05,7.74165e-05,0.000126461,0.000195378,0.00029222,0.000428302,0.000619524,0.000888227,0.00126581,0.00179638,0.00254194,0.00358959,0.00506175,0.00713041,0.0100373,0.014122,0.0198618,0.0279274,inf	2.10935,2.10935,35.9413,102.194,186.425,248.537,274.609,280.145,284.022,297.393,323.709,367.937,434.567,509.798,559.916,576.298,567.379,547.918,503.093,503.093
0.000781371	-110068220.31	0,1.7676e-05,4.25141e-05,7.74165e-05,0.000126461,0.000195378,0.00029222,0.000428302,0.000619524,0.000888227,0.00126581,0.00179638,0.00254194,0.00358959,0.00506175,0.00713041,0.0100373,0.014122,0.0198618,0.0279274,inf	1.84183,1.84183,34.6539,100.747,187.023,251.818,278.695,282.933,284.791,296.269,320.96,364.433,432.76,514.118,572.195,594.98,589.817,572.092,517.952,517.952
0.00079296	-110065968.75	0,1.7676e-05,4.25141e-05,7.74165e-05,0.000126461,0.000195378,0.00029222,0.000428302,0.000619524,0.000888227,0.00126581,0.00179638,0.00254194,0.00358959,0.00506175,0.00713041,0.0100373,0.014122,0.0198618,0.0279274,inf	1.70211,1.70211,33.9677,99.8259,187.437,254.427,282.261,285.634,285.877,295.694,318.775,361.229,430.576,517.178,582.789,612.185,611.573,596.767,532.054,532.054
0.000804074	-110064078.72	0,1.7676e-05,4.25141e-05,7.74165e-05,0.000126461,0.000195378,0.00029222,0.000428302,0.000619524,0.000888227,0.00126581,0.00179638,0.00254194,0.00358959,0.00506175,0.00713041,0.0100373,0.014122,0.0198618,0.0279274,inf	1.62941,1.62941,33.7006,99.3219,187.713,256.428,285.288,288.148,287.14,295.529,317.059,358.329,428.183,519.267,591.974,628.08,632.721,622.091,545.377,545.377
0.000814782	-110062457.19	0,1.7676e-05,4.25141e-05,7.74165e-05,0.000126461,0.000195378,0.00029222,0.000428302,0.000619524,0.000888227,0.00126581,0.00179638,0.00254194,0.00358959,0.00506175,0.00713041,0.0100373,0.014122,0.0198618,0.0279274,inf	1.59839,1.59839,33.7343,99.1576,187.917,257.931,287.814,290.433,288.49,295.669,315.731,355.721,425.688,520.601,599.972,642.809,653.325,648.231,557.804,557.804
0.000825136	-110061040.70	0,1.7676e-05,4.25141e-05,7.74165e-05,0.000126461,0.000195378,0.00029222,0.000428302,0.000619524,0.000888227,0.00126581,0.00179638,0.00254194,0.00358959,0.00506175,0.00713041,0.0100373,0.014122,0.0198618,0.0279274,inf	1.59048,1.59048,33.9824,99.2813,188.111,259.041,289.895,292.477,289.865,296.039,314.725,353.383,423.163,521.342,606.963,656.491,673.44,675.386,569.28,569.28
0.000835178	-110059784.76	0,1.7676e-05,4.25141e-05,7.74165e-05,0.000126461,0.000195378,0.00029222,0.000428302,0.000619524,0.000888227,0.00126581,0.00179638,0.00254194,0.00358959,0.00506175,0.00713041,0.0100373,0.014122,0.0198618,0.0279274,inf	1.59474,1.59474,34.3832,99.6426,188.34,259.859,291.595,294.284,291.226,296.577,313.986,351.29,420.652,521.615,613.094,669.233,693.118,703.785,579.766,579.766
0.000844939	-110058657.31	0,1.7676e-05,4.25141e-05,7.74165e-05,0.000126461,0.000195378,0.00029222,0.000428302,0.000619524,0.000888227,0.00126581,0.00179638,0.00254194,0.00358959,0.00506175,0.00713041,0.0100373,0.014122,0.0198618,0.0279274,inf	1.60643,1.60643,34.8878,100.203,188.638,260.464,292.976,295.866,292.547,297.24,313.469,349.418,418.184,521.516,618.483,681.124,712.401,733.719,589.161,589.161
0.000854447	-110057634.67	0,1.7676e-05,4.25141e-05,7.74165e-05,0.000126461,0.000195378,0.00029222,0.000428302,0.000619524,0.000888227,0.00126581,0.00179638,0.00254194,0.00358959,0.00506175,0.00713041,0.0100373,0.014122,0.0198618,0.0279274,inf	1.61994,1.61994,35.4606,100.927,189.021,260.925,294.091,297.241,293.811,297.991,313.135,347.743,415.779,521.119,623.233,692.244,731.329,765.553,597.434,597.434
0.000863725	-110056699.05	0,1.7676e-05,4.25141e-05,7.74165e-05,0.000126461,0.000195378,0.00029222,0.000428302,0.000619524,0.000888227,0.00126581,0.00179638,0.00254194,0.00358959,0.00506175,0.00713041,0.0100373,0.014122,0.0198618,0.0279274,inf	1.63503,1.63503,36.0747,101.782,189.5,261.292,294.99,298.426,295.007,298.804,312.954,346.245,413.446,520.484,627.426,702.662,749.937,799.748,604.497,604.497
0.00087279	-110055836.74	0,1.7676e-05,4.25141e-05,7.74165e-05,0.000126461,0.000195378,0.00029222,0.000428302,0.000619524,0.000888227,0.00126581,0.00179638,0.00254194,0.00358959,0.00506175,0.00713041,0.0100373,0.014122,0.0198618,0.0279274,inf	1.65167,1.65167,36.7118,102.735,190.076,261.603,295.713,299.44,296.131,299.657,312.899,344.904,411.192,519.659,631.133,712.438,768.258,836.951,610.355,610.355
0.000881659	-110055037.02	0,1.7676e-05,4.25141e-05,7.74165e-05,0.000126461,0.000195378,0.00029222,0.000428302,0.000619524,0.000888227,0.00126581,0.00179638,0.00254194,0.00358959,0.00506175,0.00713041,0.0100373,0.014122,0.0198618,0.0279274,inf	1.6659,1.6659,37.3547,103.765,190.745,261.888,296.296,300.302,297.178,300.534,312.95,343.704,409.019,518.679,634.414,721.627,786.319,878.035,614.975,614.975
0.000890344	-110054291.46	0,1.7676e-05,4.25141e-05,7.74165e-05,0.000126461,0.000195378,0.00029222,0.000428302,0.000619524,0.000888227,0.00126581,0.00179638,0.00254194,0.00358959,0.00506175,0.00713041,0.0100373,0.014122,0.0198618,0.0279274,inf	1.67947,1.67947,37.9956,104.851,191.5,262.168,296.766,301.029,298.149,301.423,313.088,342.628,406.929,517.577,637.32,730.276,804.146,924.286,618.321,618.321
0.000898857	-110053593.21	0,1.7676e-05,4.25141e-05,7.74165e-05,0.000126461,0.000195378,0.00029222,0.000428302,0.000619524,0.000888227,0.00126581,0.00179638,0.00254194,0.00358959,0.00506175,0.00713041,0.0100373,0.014122,0.0198618,0.0279274,inf	1.69052,1.69052,38.6227,105.977,192.335,262.458,297.15,301.636,299.046,302.314,313.299,341.665,404.919,516.377,639.894,738.428,821.76,977.674,620.398,620.398
