0.000553052	-253343418.05	0,6.35025e-06,1.57218e-05,2.9552e-05,4.99623e-05,8.00833e-05,0.000124535,0.000190136,0.000286947,0.000429819,0.000640666,0.000951828,0.00141103,0.00208871,0.00308882,0.00456475,0.00674288,0.00995731,0.0147011,0.0217018,inf	39.2424,39.2424,88.4528,150.154,223.571,307.333,386.916,439.212,454.938,449.552,441.805,440.362,447.913,462.976,479.09,490.402,496.617,498.294,497.523,497.523
0.000572581	-253311019.01	0,6.35025e-06,1.57218e-05,2.9552e-05,4.99623e-05,8.00833e-05,0.000124535,0.000190136,0.000286947,0.000429819,0.000640666,0.000951828,0.00141103,0.00208871,0.00308882,0.00456475,0.00674288,0.00995731,0.0147011,0.0217018,inf	4.83113,4.83113,23.8557,65.8944,135.073,238.11,357.214,443.446,466.138,450.725,432.514,426.318,435.903,459.134,486.689,508.312,521.819,527.065,527.451,527.451
0.00059145	-253291013.90	0,6.35025e-06,1.57218e-05,2.9552e-05,4.99623e-05,8.00833e-05,0.000124535,0.000190136,0.000286947,0.000429819,0.000640666,0.000951828,0.00141103,0.00208871,0.00308882,0.00456475,0.00674288,0.00995731,0.0147011,0.0217018,inf	0.856404,0.856404,8.72038,36.6976,94.2569,199.711,342.63,455.221,482.366,456.786,428.777,417.69,427.44,455.47,491.564,522.619,544.088,554.557,558.255,558.255
0.000609504	-253275824.68	0,6.35025e-06,1.57218e-05,2.9552e-05,4.99623e-05,8.00833e-05,0.000124535,0.000190136,0.000286947,0.000429819,0.000640666,0.000951828,0.00141103,0.00208871,0.00308882,0.00456475,0.00674288,0.00995731,0.0147011,0.0217018,inf	0.468431,0.468431,4.19747,24.9752,73.1123,175.697,333.668,467.554,498.16,463.486,427.134,411.78,420.974,451.829,494.388,534.023,563.778,580.855,590.263,590.263
0.000626773	-253263495.62	0,6.35025e-06,1.57218e-05,2.9552e-05,4.99623e-05,8.00833e-05,0.000124535,0.000190136,0.000286947,0.000429819,0.000640666,0.000951828,0.00141103,0.00208871,0.00308882,0.00456475,0.00674288,0.00995731,0.0147011,0.0217018,inf	0.4683,0.4683,2.50931,19.9402,61.5024,159.818,327.349,478.551,512.05,469.604,426.409,407.528,415.862,448.259,495.714,543.113,581.233,606.059,623.903,623.903
0.000643324	-253253138.61	0,6.35025e-06,1.57218e-05,2.9552e-05,4.99623e-05,8.00833e-05,0.000124535,0.000190136,0.000286947,0.000429819,0.000640666,0.000951828,0.00141103,0.00208871,0.00308882,0.00456475,0.00674288,0.00995731,0.0147011,0.0217018,inf	0.4683,0.4683,1.75299,17.8804,55.0051,149.094,322.635,487.918,523.852,474.867,426.152,404.419,411.765,444.821,495.949,550.358,596.753,630.26,659.725,659.725
0.000659222	-253244233.38	0,6.35025e-06,1.57218e-05,2.9552e-05,4.99623e-05,8.00833e-05,0.000124535,0.000190136,0.000286947,0.000429819,0.000640666,0.000951828,0.00141103,0.00208871,0.00308882,0.00456475,0.00674288,0.00995731,0.0147011,0.0217018,inf	0.4683,0.4683,1.35118,17.3188,51.4581,141.863,319.101,495.836,533.771,479.295,426.166,402.153,408.465,441.552,495.391,556.124,610.596,653.544,698.494,698.494
0.000674529	-253236437.62	0,6.35025e-06,1.57218e-05,2.9552e-05,4.99623e-05,8.00833e-05,0.000124535,0.000190136,0.000286947,0.000429819,0.000640666,0.000951828,0.00141103,0.00208871,0.00308882,0.00456475,0.00674288,0.00995731,0.0147011,0.0217018,inf	0.4683,0.4683,1.10416,17.5776,49.7025,137.099,316.534,502.59,542.097,482.986,426.349,400.53,405.803,438.468,494.256,560.7,622.983,675.984,741.293,741.293
0.000689295	-253229517.08	0,6.35025e-06,1.57218e-05,2.9552e-05,4.99623e-05,8.00833e-05,0.000124535,0.000190136,0.000286947,0.000429819,0.000640666,0.000951828,0.00141103,0.00208871,0.00308882,0.00456475,0.00674288,0.00995731,0.0147011,0.0217018,inf	0.4683,0.4683,0.931704,18.2984,49.0739,134.132,314.786,508.444,549.108,486.048,426.638,399.405,403.658,435.571,492.701,564.309,634.1,697.643,789.775,789.775
0.000703565	-253223305.33	0,6.35025e-06,1.57218e-05,2.9552e-05,4.99623e-05,8.00833e-05,0.000124535,0.000190136,0.000286947,0.000429819,0.000640666,0.000951828,0.00141103,0.00208871,0.00308882,0.00456475,0.00674288,0.00995731,0.0147011,0.0217018,inf	0.4683,0.4683,0.793061,19.271,49.178,132.502,313.744,513.612,555.041,488.576,426.991,398.667,401.935,432.857,490.842,567.131,644.107,718.574,846.665,846.665
0.000717377	-253217680.29	0,6.35025e-06,1.57218e-05,2.9552e-05,4.99623e-05,8.00833e-05,0.000124535,0.000190136,0.000286947,0.000429819,0.000640666,0.000951828,0.00141103,0.00208871,0.00308882,0.00456475,0.00674288,0.00995731,0.0147011,0.0217018,inf	0.4683,0.4683,0.679597,20.3613,49.7629,131.884,313.308,518.262,560.091,490.653,427.378,398.235,400.558,430.315,488.765,569.308,653.138,738.819,916.945,916.945
0.000730763	-253212549.64	0,6.35025e-06,1.57218e-05,2.9552e-05,4.99623e-05,8.00833e-05,0.000124535,0.000190136,0.000286947,0.000429819,0.000640666,0.000951828,0.00141103,0.00208871,0.00308882,0.00456475,0.00674288,0.00995731,0.0147011,0.0217018,inf	0.4683,0.4683,0.58179,21.4839,50.6653,132.04,313.388,522.52,564.414,492.346,427.778,398.042,399.467,427.935,486.536,570.955,661.309,758.411,1011.19,1011.19
0.000743752	-253207841.94	0,6.35025e-06,1.57218e-05,2.9552e-05,4.99623e-05,8.00833e-05,0.000124535,0.000190136,0.000286947,0.000429819,0.000640666,0.000951828,0.00141103,0.00208871,0.00308882,0.00456475,0.00674288,0.00995731,0.0147011,0.0217018,inf	0.4683,0.4683,0.499261,22.5847,51.7747,132.795,313.907,526.48,568.138,493.713,428.175,398.037,398.613,425.704,484.204,572.162,668.721,777.362,1158.48,1158.48
0.00075637	-253203500.27	0,6.35025e-06,1.57218e-05,2.9552e-05,4.99623e-05,8.00833e-05,0.000124535,0.000190136,0.000286947,0.000429819,0.000640666,0.000951828,0.00141103,0.00208871,0.00308882,0.00456475,0.00674288,0.00995731,0.0147011,0.0217018,inf	0.4683,0.4683,0.468263,23.6315,53.0202,134.015,314.798,530.209,571.367,494.801,428.559,398.182,397.957,423.612,481.805,573.005,675.457,795.66,1488.2,1488.2
0.000768638	-253199476.90	0,6.35025e-06,1.57218e-05,2.9552e-05,4.99623e-05,8.00833e-05,0.000124535,0.000190136,0.000286947,0.000429819,0.000640666,0.000951828,0.00141103,0.00208871,0.00308882,0.00456475,0.00674288,0.00995731,0.0147011,0.0217018,inf	0.4683,0.4683,0.468263,24.6008,54.3497,135.599,315.998,533.758,574.18,495.65,428.923,398.443,397.466,421.647,479.369,573.545,681.588,813.197,3250.35,3250.35
0.000768638	-253195730.97	0,6.35025e-06,1.57218e-05,2.9552e-05,4.99623e-05,8.00833e-05,0.000124535,0.000190136,0.000286947,0.000429819,0.000640666,0.000951828,0.00141103,0.00208871,0.00308882,0.00456475,0.00674288,0.00995731,0.0147011,0.0217018,inf	0.4683,0.4683,0.468263,25.3552,55.4392,136.759,315.798,534.211,573.471,493.728,427.206,397.021,395.472,417.939,475.271,572.203,685.917,828.959,102475,102475
0.000768638	-253195199.10	0,6.35025e-06,1.57218e-05,2.9552e-05,4.99623e-05,8.00833e-05,0.000124535,0.000190136,0.000286947,0.000429819,0.000640666,0.000951828,0.00141103,0.00208871,0.00308882,0.00456475,0.00674288,0.00995731,0.0147011,0.0217018,inf	0.4683,0.4683,0.468263,25.806,56.196,137.673,315.642,534.689,573.958,493.143,426.795,396.831,394.533,415.309,471.882,571.27,689.249,828.959,102475,102475
0.000768638	-253194928.88	0,6.35025e-06,1.57218e-05,2.9552e-05,4.99623e-05,8.00833e-05,0.000124535,0.000190136,0.000286947,0.000429819,0.000640666,0.000951828,0.00141103,0.00208871,0.00308882,0.00456475,0.00674288,0.00995731,0.0147011,0.0217018,inf	0.4683,0.4683,0.468263,26.0565,56.7076,137.673,315.277,534.944,573.958,492.904,426.84,396.831,394.275,413.387,469.054,570.658,691.628,828.959,102475,102475
0.000768638	-253194759.40	0,6.35025e-06,1.57218e-05,2.9552e-05,4.99623e-05,8.00833e-05,0.000124535,0.000190136,0.000286947,0.000429819,0.000640666,0.000951828,0.00141103,0.00208871,0.00308882,0.00456475,0.00674288,0.00995731,0.0147011,0.0217018,inf	0.4683,0.4683,0.468263,26.1989,57.1124,137.673,314.861,535.44,573.958,492.777,426.926,396.831,394.275,411.962,466.647,570.288,693.428,828.959,102475,102475
0.000768638	-253194643.57	0,6.35025e-06,1.57218e-05,2.9552e-05,4.99623e-05,8.00833e-05,0.000124535,0.000190136,0.000286947,0.000429819,0.000640666,0.000951828,0.00141103,0.00208871,0.00308882,0.00456475,0.00674288,0.00995731,0.0147011,0.0217018,inf	0.4683,0.4683,0.468263,26.2696,57.2329,137.673,314.389,535.759,573.958,492.707,426.926,396.863,394.275,410.909,464.569,570.109,694.831,828.959,102475,102475
