0.000551489	-263666634.71	0,6.31639e-06,1.5638e-05,2.93945e-05,4.9696e-05,7.96563e-05,0.000123871,0.000189122,0.000285418,0.000427528,0.000637251,0.000946754,0.00140351,0.00207758,0.00307235,0.00454041,0.00670693,0.00990423,0.0146227,0.0215861,inf	36.7277,36.7277,82.9583,141.722,214.597,299.144,384.075,441.998,459.228,453.246,444.488,442.261,449.715,465.53,483.316,495.525,502.813,505.529,504.69,504.69
0.000572114	-263630729.74	0,6.31639e-06,1.5638e-05,2.93945e-05,4.9696e-05,7.96563e-05,0.000123871,0.000189122,0.000285418,0.000427528,0.000637251,0.000946754,0.00140351,0.00207758,0.00307235,0.00454041,0.00670693,0.00990423,0.0146227,0.0215861,inf	4.18948,4.18948,20.5646,58.058,124.251,225.541,351.36,446.932,472.136,455.554,435.541,427.915,437.139,461.395,491.913,515.366,531.349,539.254,539.85,539.85
0.000591924	-263608588.06	0,6.31639e-06,1.5638e-05,2.93945e-05,4.9696e-05,7.96563e-05,0.000123871,0.000189122,0.000285418,0.000427528,0.000637251,0.000946754,0.00140351,0.00207758,0.00307235,0.00454041,0.00670693,0.00990423,0.0146227,0.0215861,inf	0.709865,0.709865,6.84555,30.0826,83.5068,184.813,334.586,459.267,489.69,462.493,432.122,419.117,428.219,457.306,497.35,531.116,556.653,571.956,576.672,576.672
0.000610796	-263591969.42	0,6.31639e-06,1.5638e-05,2.93945e-05,4.9696e-05,7.96563e-05,0.000123871,0.000189122,0.000285418,0.000427528,0.000637251,0.000946754,0.00140351,0.00207758,0.00307235,0.00454041,0.00670693,0.00990423,0.0146227,0.0215861,inf	0.470776,0.470776,3.01294,19.1042,62.8208,159.454,323.989,472.005,506.447,469.843,430.762,413.131,421.399,453.207,500.47,543.607,579.129,603.748,615.785,615.785
0.000628781	-263578642.74	0,6.31639e-06,1.5638e-05,2.93945e-05,4.9696e-05,7.96563e-05,0.000123871,0.000189122,0.000285418,0.000427528,0.000637251,0.000946754,0.00140351,0.00207758,0.00307235,0.00454041,0.00670693,0.00990423,0.0146227,0.0215861,inf	0.470776,0.470776,1.68648,14.366,51.6684,142.752,316.477,483.298,521.007,476.431,430.292,408.87,416.022,449.192,501.921,553.524,599.155,634.76,658.066,658.066
0.000645959	-263567566.27	0,6.31639e-06,1.5638e-05,2.93945e-05,4.9696e-05,7.96563e-05,0.000123871,0.000189122,0.000285418,0.000427528,0.000637251,0.000946754,0.00140351,0.00207758,0.00307235,0.00454041,0.00670693,0.00990423,0.0146227,0.0215861,inf	0.470776,0.470776,1.12518,12.2897,45.5562,131.478,310.923,492.897,533.254,482.028,430.269,405.805,411.733,445.339,502.172,561.402,617.065,665.117,704.8,704.8
0.00066241	-263558125.73	0,6.31639e-06,1.5638e-05,2.93945e-05,4.9696e-05,7.96563e-05,0.000123871,0.000189122,0.000285418,0.000427528,0.000637251,0.000946754,0.00140351,0.00207758,0.00307235,0.00454041,0.00670693,0.00990423,0.0146227,0.0215861,inf	0.470776,0.470776,0.844488,11.5167,42.3214,123.833,306.831,501.016,543.449,486.689,430.5,403.619,408.297,441.69,501.56,567.656,633.141,694.938,757.996,757.996
0.000678203	-263549923.30	0,6.31639e-06,1.5638e-05,2.93945e-05,4.9696e-05,7.96563e-05,0.000123871,0.000189122,0.000285418,0.000427528,0.000637251,0.000946754,0.00140351,0.00207758,0.00307235,0.00454041,0.00670693,0.00990423,0.0146227,0.0215861,inf	0.470776,0.470776,0.68436,11.4531,40.8239,118.714,303.923,507.957,551.925,490.534,430.883,402.101,405.542,438.262,500.322,572.606,647.624,724.33,821.081,821.081
0.000693396	-263542689.05	0,6.31639e-06,1.5638e-05,2.93945e-05,4.9696e-05,7.96563e-05,0.000123871,0.000189122,0.000285418,0.000427528,0.000637251,0.000946754,0.00140351,0.00207758,0.00307235,0.00454041,0.00670693,0.00990423,0.0146227,0.0215861,inf	0.470776,0.470776,0.581444,11.7985,40.4242,115.401,302.006,513.997,558.994,493.69,431.356,401.095,403.337,435.054,498.634,576.505,660.717,753.393,900.648,900.648
0.000708039	-263536232.84	0,6.31639e-06,1.5638e-05,2.93945e-05,4.9696e-05,7.96563e-05,0.000123871,0.000189122,0.000285418,0.000427528,0.000637251,0.000946754,0.00140351,0.00207758,0.00307235,0.00454041,0.00670693,0.00990423,0.0146227,0.0215861,inf	0.470776,0.470776,0.507479,12.3877,40.7347,113.41,300.925,519.356,564.917,496.267,431.879,400.488,401.578,432.057,496.622,579.55,672.592,782.213,1012.05,1012.05
0.000722176	-263530416.01	0,6.31639e-06,1.5638e-05,2.93945e-05,4.9696e-05,7.96563e-05,0.000123871,0.000189122,0.000285418,0.000427528,0.000637251,0.000946754,0.00140351,0.00207758,0.00307235,0.00454041,0.00670693,0.00990423,0.0146227,0.0215861,inf	0.470776,0.470776,0.470847,13.1114,41.5139,112.4,300.55,524.204,569.907,498.357,432.421,400.19,400.185,429.26,494.381,581.896,683.395,810.855,1204.96,1204.96
0.000735843	-263525134.12	0,6.31639e-06,1.5638e-05,2.93945e-05,4.9696e-05,7.96563e-05,0.000123871,0.000189122,0.000285418,0.000427528,0.000637251,0.000946754,0.00140351,0.00207758,0.00307235,0.00454041,0.00670693,0.00990423,0.0146227,0.0215861,inf	0.470776,0.470776,0.470803,13.8946,42.6012,112.128,300.768,528.667,574.135,500.038,432.963,400.133,399.093,426.648,491.979,583.669,693.249,839.336,1791.46,1791.46
0.000749074	-263520304.85	0,6.31639e-06,1.5638e-05,2.93945e-05,4.9696e-05,7.96563e-05,0.000123871,0.000189122,0.000285418,0.000427528,0.000637251,0.000946754,0.00140351,0.00207758,0.00307235,0.00454041,0.00670693,0.00990423,0.0146227,0.0215861,inf	0.470776,0.470776,0.470803,14.6868,43.8863,112.418,301.486,532.835,577.739,501.373,433.491,400.265,398.249,424.207,489.469,584.968,702.257,867.483,9912.93,9912.93
0.000749074	-263515866.45	0,6.31639e-06,1.5638e-05,2.93945e-05,4.9696e-05,7.96563e-05,0.000123871,0.000189122,0.000285418,0.000427528,0.000637251,0.000946754,0.00140351,0.00207758,0.00307235,0.00454041,0.00670693,0.00990423,0.0146227,0.0215861,inf	0.470776,0.470776,0.470803,15.3713,45.0417,112.506,300.883,533.515,577.299,499.552,431.707,398.587,395.668,420.081,485,584.065,709.118,894.242,102967,102967
0.000749074	-263515171.74	0,6.31639e-06,1.5638e-05,2.93945e-05,4.9696e-05,7.96563e-05,0.000123871,0.000189122,0.000285418,0.000427528,0.000637251,0.000946754,0.00140351,0.00207758,0.00307235,0.00454041,0.00670693,0.00990423,0.0146227,0.0215861,inf	0.470776,0.470776,0.470803,15.8347,45.9355,112.485,300.396,534.823,577.862,499.166,431.388,398.311,394.462,416.996,481.374,583.615,709.118,896.464,102967,102967
0.000749074	-263514887.39	0,6.31639e-06,1.5638e-05,2.93945e-05,4.9696e-05,7.96563e-05,0.000123871,0.000189122,0.000285418,0.000427528,0.000637251,0.000946754,0.00140351,0.00207758,0.00307235,0.00454041,0.00670693,0.00990423,0.0146227,0.0215861,inf	0.470776,0.470776,0.470803,16.1352,46.0321,112.317,299.652,535.405,577.862,499.054,431.464,398.311,394.051,414.744,478.406,583.528,711.312,896.474,102967,102967
0.000749074	-263514677.80	0,6.31639e-06,1.5638e-05,2.93945e-05,4.9696e-05,7.96563e-05,0.000123871,0.000189122,0.000285418,0.000427528,0.000637251,0.000946754,0.00140351,0.00207758,0.00307235,0.00454041,0.00670693,0.00990423,0.0146227,0.0215861,inf	0.470776,0.470776,0.470803,16.3726,46.6874,112.163,298.923,536.42,577.874,499.054,431.464,398.311,394.051,413.049,475.883,583.694,712.885,896.474,102967,102967
0.000749074	-263514531.96	0,6.31639e-06,1.5638e-05,2.93945e-05,4.9696e-05,7.96563e-05,0.000123871,0.000189122,0.000285418,0.000427528,0.000637251,0.000946754,0.00140351,0.00207758,0.00307235,0.00454041,0.00670693,0.00990423,0.0146227,0.0215861,inf	0.470776,0.470776,0.470803,16.515,47.2257,111.968,298.119,537.282,578.619,499.054,431.542,398.311,394.051,411.766,473.7,584.053,714.044,896.474,102967,102967
0.000749074	-263514425.39	0,6.31639e-06,1.5638e-05,2.93945e-05,4.9696e-05,7.96563e-05,0.000123871,0.000189122,0.000285418,0.000427528,0.000637251,0.000946754,0.00140351,0.00207758,0.00307235,0.00454041,0.00670693,0.00990423,0.0146227,0.0215861,inf	0.470776,0.470776,0.470803,16.5892,47.2504,111.748,297.2,537.887,578.736,499.054,431.542,398.311,394.051,410.807,471.789,584.562,714.858,896.485,102967,102967
0.000749074	-263514346.72	0,6.31639e-06,1.5638e-05,2.93945e-05,4.9696e-05,7.96563e-05,0.000123871,0.000189122,0.000285418,0.000427528,0.000637251,0.000946754,0.00140351,0.00207758,0.00307235,0.00454041,0.00670693,0.00990423,0.0146227,0.0215861,inf	0.470776,0.470776,0.470803,16.6516,47.719,111.585,296.341,538.443,578.816,499.092,431.735,398.311,394.051,410.109,470.094,585.189,715.429,896.485,102967,102967
