0.000620285	-99531129.13	0,1.629e-05,3.91805e-05,7.13462e-05,0.000116545,0.000180059,0.000269307,0.000394719,0.000570947,0.000818581,0.00116655,0.00165553,0.00234262,0.00330813,0.00466485,0.00657132,0.00925026,0.0130147,0.0183045,0.0257376,inf	110.201,110.201,195.966,262.461,323.71,367.231,383.209,382.958,379.139,378.88,384.89,397.831,416.556,436.133,448.499,451.458,448.301,443.81,442.693,442.693
0.000637721	-99512847.73	0,1.629e-05,3.91805e-05,7.13462e-05,0.000116545,0.000180059,0.000269307,0.000394719,0.000570947,0.000818581,0.00116655,0.00165553,0.00234262,0.00330813,0.00466485,0.00657132,0.00925026,0.0130147,0.0183045,0.0257376,inf	47.4609,47.4609,125.787,203.555,291.773,362.207,385.546,379.353,367.342,362.277,368.382,386.757,416.687,451.727,476.792,484.966,480.691,473.289,472.952,472.952
0.00065423	-99502614.82	0,1.629e-05,3.91805e-05,7.13462e-05,0.000116545,0.000180059,0.000269307,0.000394719,0.000570947,0.000818581,0.00116655,0.00165553,0.00234262,0.00330813,0.00466485,0.00657132,0.00925026,0.0130147,0.0183045,0.0257376,inf	28.8591,28.8591,96.2466,173.167,276.694,368.381,397.107,384.233,363.699,353.075,357.435,378.053,415.12,462.678,500.309,515.328,511.75,503.109,506.088,506.088
0.000669714	-99495653.39	0,1.629e-05,3.91805e-05,7.13462e-05,0.000116545,0.000180059,0.000269307,0.000394719,0.000570947,0.000818581,0.00116655,0.00165553,0.00234262,0.00330813,0.00466485,0.00657132,0.00925026,0.0130147,0.0183045,0.0257376,inf	22.1512,22.1512,82.1901,154.714,267.329,376.702,410.334,391.475,363.266,347.432,349.508,370.777,412.449,470.202,519.942,542.914,541.603,533.466,543.22,543.22
0.00068427	-99490531.08	0,1.629e-05,3.91805e-05,7.13462e-05,0.000116545,0.000180059,0.000269307,0.000394719,0.000570947,0.000818581,0.00116655,0.00165553,0.00234262,0.00330813,0.00466485,0.00657132,0.00925026,0.0130147,0.0183045,0.0257376,inf	19.6019,19.6019,75.3253,142.441,260.211,384.316,422.674,398.915,364.193,343.806,343.531,364.578,409.156,475.22,536.433,568.081,570.391,564.592,586.086,586.086
0.000698018	-99486583.98	0,1.629e-05,3.91805e-05,7.13462e-05,0.000116545,0.000180059,0.000269307,0.000394719,0.000570947,0.000818581,0.00116655,0.00165553,0.00234262,0.00330813,0.00466485,0.00657132,0.00925026,0.0130147,0.0183045,0.0257376,inf	18.7653,18.7653,72.2646,133.888,254.244,390.5,433.374,405.795,365.709,341.468,338.953,359.267,405.565,478.397,550.375,591.144,598.245,596.759,637.601,637.601
0.000711065	-99483436.60	0,1.629e-05,3.91805e-05,7.13462e-05,0.000116545,0.000180059,0.000269307,0.000394719,0.000570947,0.000818581,0.00116655,0.00165553,0.00234262,0.00330813,0.00466485,0.00657132,0.00925026,0.0130147,0.0183045,0.0257376,inf	18.6874,18.6874,71.3927,127.81,249.098,395.282,442.356,411.886,367.467,340.018,335.434,354.71,401.876,480.208,562.235,612.373,625.289,630.289,703.262,703.262
0.000723501	-99480856.47	0,1.629e-05,3.91805e-05,7.13462e-05,0.000116545,0.000180059,0.000269307,0.000394719,0.000570947,0.000818581,0.00116655,0.00165553,0.00234262,0.00330813,0.00466485,0.00657132,0.00925026,0.0130147,0.0183045,0.0257376,inf	18.9299,18.9299,71.8411,123.479,244.678,398.916,449.782,417.166,369.292,339.205,332.743,350.796,398.209,480.999,572.382,631.998,651.632,665.567,795.557,795.557
0.000735398	-99478692.12	0,1.629e-05,3.91805e-05,7.13462e-05,0.000116545,0.000180059,0.000269307,0.000394719,0.000570947,0.000818581,0.00116655,0.00165553,0.00234262,0.00330813,0.00466485,0.00657132,0.00925026,0.0130147,0.0183045,0.0257376,inf	19.2692,19.2692,73.1066,120.433,240.945,401.686,455.878,421.687,371.093,338.86,330.707,347.431,394.633,481.02,581.107,650.213,677.377,703.072,953.599,953.599
0.000746813	-99476841.18	0,1.629e-05,3.91805e-05,7.13462e-05,0.000116545,0.000180059,0.000269307,0.000394719,0.000570947,0.000818581,0.00116655,0.00165553,0.00234262,0.00330813,0.00466485,0.00657132,0.00925026,0.0130147,0.0183045,0.0257376,inf	19.5929,19.5929,74.8748,118.355,237.866,403.84,460.871,425.524,372.816,338.861,329.195,344.535,391.185,480.456,588.643,667.185,702.615,743.395,1426.4,1426.4
0.000757794	-99475232.32	0,1.629e-05,3.91805e-05,7.13462e-05,0.000116545,0.000180059,0.000269307,0.000394719,0.000570947,0.000818581,0.00116655,0.00165553,0.00234262,0.00330813,0.00466485,0.00657132,0.00925026,0.0130147,0.0183045,0.0257376,inf	19.8555,19.8555,76.9337,117.015,235.399,405.579,464.961,428.759,374.431,339.117,328.106,342.038,387.885,479.445,595.177,683.056,727.426,787.165,7777.94,7777.94
0.000757794	-99473814.82	0,1.629e-05,3.91805e-05,7.13462e-05,0.000116545,0.000180059,0.000269307,0.000394719,0.000570947,0.000818581,0.00116655,0.00165553,0.00234262,0.00330813,0.00466485,0.00657132,0.00925026,0.0130147,0.0183045,0.0257376,inf	19.9462,19.9462,78.763,115.69,232.374,405.036,466.003,429.426,374.255,338.155,326.101,338.683,383.474,476.604,599.352,696.76,751.095,834.771,96249.6,96249.6
0.000757794	-99473369.38	0,1.629e-05,3.91805e-05,7.13462e-05,0.000116545,0.000180059,0.000269307,0.000394719,0.000570947,0.000818581,0.00116655,0.00165553,0.00234262,0.00330813,0.00466485,0.00657132,0.00925026,0.0130147,0.0183045,0.0257376,inf	19.907,19.907,80.4324,114.653,229.798,404.858,467.508,430.817,375.03,338.272,325.203,336.365,379.908,474.168,603.622,697.065,751.095,834.771,96249.5,96249.5
0.000757794	-99473211.37	0,1.629e-05,3.91805e-05,7.13462e-05,0.000116545,0.000180059,0.000269307,0.000394719,0.000570947,0.000818581,0.00116655,0.00165553,0.00234262,0.00330813,0.00466485,0.00657132,0.00925026,0.0130147,0.0183045,0.0257376,inf	19.7897,19.7897,81.9149,113.764,227.35,404.412,468.621,432.046,375.579,338.272,324.916,334.725,376.932,472.174,607.08,697.16,751.095,834.771,96249.5,96249.5
0.000757794	-99473101.56	0,1.629e-05,3.91805e-05,7.13462e-05,0.000116545,0.000180059,0.000269307,0.000394719,0.000570947,0.000818581,0.00116655,0.00165553,0.00234262,0.00330813,0.00466485,0.00657132,0.00925026,0.0130147,0.0183045,0.0257376,inf	19.6283,19.6283,83.2642,113.052,225.123,403.884,469.507,433.191,375.856,338.272,324.916,333.569,374.451,470.674,607.08,697.16,752.483,834.771,96249.5,96249.5
0.000757794	-99473037.20	0,1.629e-05,3.91805e-05,7.13462e-05,0.000116545,0.000180059,0.000269307,0.000394719,0.000570947,0.000818581,0.00116655,0.00165553,0.00234262,0.00330813,0.00466485,0.00657132,0.00925026,0.0130147,0.0183045,0.0257376,inf	19.444,19.444,84.5003,112.491,223.094,403.323,470.214,434.232,376.559,338.272,324.916,332.546,371.648,469.091,609.999,697.16,752.483,834.771,96249.3,96249.3
0.000757794	-99472963.37	0,1.629e-05,3.91805e-05,7.13462e-05,0.000116545,0.000180059,0.000269307,0.000394719,0.000570947,0.000818581,0.00116655,0.00165553,0.00234262,0.00330813,0.00466485,0.00657132,0.00925026,0.0130147,0.0183045,0.0257376,inf	19.2555,19.2555,85.6246,112.089,221.306,402.762,470.772,435.24,377.814,339.103,324.916,332.197,370.007,468.193,610,698.295,752.483,834.771,96249.3,96249.3
0.000757794	-99472922.20	0,1.629e-05,3.91805e-05,7.13462e-05,0.000116545,0.000180059,0.000269307,0.000394719,0.000570947,0.000818581,0.00116655,0.00165553,0.00234262,0.00330813,0.00466485,0.00657132,0.00925026,0.0130147,0.0183045,0.0257376,inf	19.0499,19.0499,86.7566,111.759,219.476,402.002,470.982,435.957,378.98,340.509,325.87,332.029,367.552,466.924,612.309,698.295,752.483,834.771,96249.1,96249.1
0.000757794	-99472865.88	0,1.629e-05,3.91805e-05,7.13462e-05,0.000116545,0.000180059,0.000269307,0.000394719,0.000570947,0.000818581,0.00116655,0.00165553,0.00234262,0.00330813,0.00466485,0.00657132,0.00925026,0.0130147,0.0183045,0.0257376,inf	18.8588,18.8588,87.6941,111.547,217.892,400.307,470.593,435.978,378.98,341.58,326.492,331.882,365.181,465.856,614.327,698.295,752.483,834.771,96249.1,96249.1
0.000757794	-99472819.25	0,1.629e-05,3.91805e-05,7.13462e-05,0.000116545,0.000180059,0.000269307,0.000394719,0.000570947,0.000818581,0.00116655,0.00165553,0.00234262,0.00330813,0.00466485,0.00657132,0.00925026,0.0130147,0.0183045,0.0257376,inf	18.6965,18.6965,88.5413,111.548,216.804,399.835,470.373,435.918,378.98,342.331,326.492,331.882,364.174,465.423,615.115,698.316,752.483,834.771,96249.1,96249.1
