0.000555756	-250584137.00	0,6.38452e-06,1.58066e-05,2.97115e-05,5.0232e-05,8.05155e-05,0.000125207,0.000191162,0.000288496,0.000432139,0.000644124,0.000956966,0.00141865,0.00209999,0.00310549,0.00458938,0.00677927,0.0100111,0.0147804,0.0218189,inf	38.763,38.763,86.7009,146.175,218.949,300.726,379.075,431.529,448.532,444.738,438.373,437.745,445.459,460.188,476.339,488.271,494.293,495.007,495.933,495.933
0.000575207	-250551889.17	0,6.38452e-06,1.58066e-05,2.97115e-05,5.0232e-05,8.05155e-05,0.000125207,0.000191162,0.000288496,0.000432139,0.000644124,0.000956966,0.00141865,0.00209999,0.00310549,0.00458938,0.00677927,0.0100111,0.0147804,0.0218189,inf	4.98154,4.98154,23.022,62.2426,130.457,230.722,347.522,433.332,457.815,444.924,428.89,423.905,433.627,456.163,483.759,506.675,519.866,523.083,527.339,527.339
0.000594034	-250532301.13	0,6.38452e-06,1.58066e-05,2.97115e-05,5.0232e-05,8.05155e-05,0.000125207,0.000191162,0.000288496,0.000432139,0.000644124,0.000956966,0.00141865,0.00209999,0.00310549,0.00458938,0.00677927,0.0100111,0.0147804,0.0218189,inf	1.05049,1.05049,8.33214,33.3435,89.6954,192.179,332.259,443.79,472.948,450.5,425.181,415.519,425.329,452.332,488.47,521.529,542.641,549.959,560.382,560.382
0.00061207	-250517450.68	0,6.38452e-06,1.58066e-05,2.97115e-05,5.0232e-05,8.05155e-05,0.000125207,0.000191162,0.000288496,0.000432139,0.000644124,0.000956966,0.00141865,0.00209999,0.00310549,0.00458938,0.00677927,0.0100111,0.0147804,0.0218189,inf	0.466057,0.466057,4.06329,21.7742,68.4847,168.136,323.132,455.388,488.07,456.945,423.63,409.826,418.991,448.525,491.132,533.497,562.941,575.728,595.675,595.675
0.000629337	-250505391.37	0,6.38452e-06,1.58066e-05,2.97115e-05,5.0232e-05,8.05155e-05,0.000125207,0.000191162,0.000288496,0.000432139,0.000644124,0.000956966,0.00141865,0.00209999,0.00310549,0.00458938,0.00677927,0.0100111,0.0147804,0.0218189,inf	0.466057,0.466057,2.56387,16.7488,56.7339,152.22,316.894,465.977,501.526,462.92,423.005,405.754,413.974,444.79,492.291,543.146,581.08,600.494,634.075,634.075
0.000645902	-250495246.89	0,6.38452e-06,1.58066e-05,2.97115e-05,5.0232e-05,8.05155e-05,0.000125207,0.000191162,0.000288496,0.000432139,0.000644124,0.000956966,0.00141865,0.00209999,0.00310549,0.00458938,0.00677927,0.0100111,0.0147804,0.0218189,inf	0.466057,0.466057,1.94245,14.5682,50.0729,141.427,312.378,475.125,513.031,468.096,422.842,402.795,409.949,441.189,492.355,550.931,597.336,624.356,676.814,676.814
0.00066183	-250486511.69	0,6.38452e-06,1.58066e-05,2.97115e-05,5.0232e-05,8.05155e-05,0.000125207,0.000191162,0.000288496,0.000432139,0.000644124,0.000956966,0.00141865,0.00209999,0.00310549,0.00458938,0.00677927,0.0100111,0.0147804,0.0218189,inf	0.466057,0.466057,1.66286,13.7789,46.3665,134.099,309.102,482.936,522.738,472.47,422.94,400.655,406.704,437.761,491.62,557.21,611.951,647.402,725.797,725.797
0.000677182	-250478852.38	0,6.38452e-06,1.58066e-05,2.97115e-05,5.0232e-05,8.05155e-05,0.000125207,0.000191162,0.000288496,0.000432139,0.000644124,0.000956966,0.00141865,0.00209999,0.00310549,0.00458938,0.00677927,0.0100111,0.0147804,0.0218189,inf	0.466057,0.466057,1.53576,13.7359,44.4797,129.217,306.817,489.646,530.905,476.124,423.196,399.141,404.087,434.525,490.304,562.264,625.13,669.708,784.232,784.232
0.000692008	-250472040.72	0,6.38452e-06,1.58066e-05,2.97115e-05,5.0232e-05,8.05155e-05,0.000125207,0.000191162,0.000288496,0.000432139,0.000644124,0.000956966,0.00141865,0.00209999,0.00310549,0.00458938,0.00677927,0.0100111,0.0147804,0.0218189,inf	0.466057,0.466057,1.48148,14.1139,43.7625,126.118,305.362,495.493,537.791,479.16,423.549,398.113,401.982,431.484,488.564,566.317,637.048,691.333,858.2,858.2
0.000706351	-250465914.56	0,6.38452e-06,1.58066e-05,2.97115e-05,5.0232e-05,8.05155e-05,0.000125207,0.000191162,0.000288496,0.000432139,0.000644124,0.000956966,0.00141865,0.00209999,0.00310549,0.00458938,0.00677927,0.0100111,0.0147804,0.0218189,inf	0.466057,0.466057,1.46227,14.7338,43.8173,124.34,304.615,500.676,543.621,481.67,423.959,397.465,400.295,428.633,486.517,569.547,647.856,712.326,961.579,961.579
0.000720249	-250460354.82	0,6.38452e-06,1.58066e-05,2.97115e-05,5.0232e-05,8.05155e-05,0.000125207,0.000191162,0.000288496,0.000432139,0.000644124,0.000956966,0.00141865,0.00209999,0.00310549,0.00458938,0.00677927,0.0100111,0.0147804,0.0218189,inf	0.466057,0.466057,1.45946,15.4781,44.3922,123.563,304.466,505.351,548.582,483.732,424.398,397.115,398.952,425.962,484.252,572.096,657.68,732.712,1137.8,1137.8
0.000733734	-250455271.20	0,6.38452e-06,1.58066e-05,2.97115e-05,5.0232e-05,8.05155e-05,0.000125207,0.000191162,0.000288496,0.000432139,0.000644124,0.000956966,0.00141865,0.00209999,0.00310549,0.00458938,0.00677927,0.0100111,0.0147804,0.0218189,inf	0.466057,0.466057,1.462,16.2796,45.3209,123.549,304.83,509.638,552.829,485.416,424.845,397.001,397.895,423.46,481.832,574.078,666.63,752.47,1648.8,1648.8
0.000746834	-250450590.90	0,6.38452e-06,1.58066e-05,2.97115e-05,5.0232e-05,8.05155e-05,0.000125207,0.000191162,0.000288496,0.000432139,0.000644124,0.000956966,0.00141865,0.00209999,0.00310549,0.00458938,0.00677927,0.0100111,0.0147804,0.0218189,inf	0.466057,0.466057,1.46824,17.0959,46.4898,124.124,305.625,513.627,556.484,486.776,425.286,397.072,397.075,421.114,479.307,575.587,674.792,771.429,7730.88,7730.88
0.000746834	-250446257.58	0,6.38452e-06,1.58066e-05,2.97115e-05,5.0232e-05,8.05155e-05,0.000125207,0.000191162,0.000288496,0.000432139,0.000644124,0.000956966,0.00141865,0.00209999,0.00310549,0.00458938,0.00677927,0.0100111,0.0147804,0.0218189,inf	0.466057,0.466057,1.4686,17.7958,47.5484,124.459,305.034,514.282,556.287,485.101,423.477,395.348,394.65,416.892,474.915,574.91,680.883,788.481,101945,101945
0.000746834	-250445716.77	0,6.38452e-06,1.58066e-05,2.97115e-05,5.0232e-05,8.05155e-05,0.000125207,0.000191162,0.000288496,0.000432139,0.000644124,0.000956966,0.00141865,0.00209999,0.00310549,0.00458938,0.00677927,0.0100111,0.0147804,0.0218189,inf	0.466057,0.466057,1.44396,18.2567,48.3454,124.647,304.489,514.399,556.287,484.76,423.065,394.999,393.42,413.868,471.313,574.629,684.062,788.481,101945,101945
0.000746834	-250445466.35	0,6.38452e-06,1.58066e-05,2.97115e-05,5.0232e-05,8.05155e-05,0.000125207,0.000191162,0.000288496,0.000432139,0.000644124,0.000956966,0.00141865,0.00209999,0.00310549,0.00458938,0.00677927,0.0100111,0.0147804,0.0218189,inf	0.466057,0.466057,1.40752,18.5577,48.9628,124.749,303.948,514.81,556.287,484.76,423.065,394.999,392.974,411.638,468.304,574.665,686.208,788.481,101945,101945
0.000746834	-250445312.81	0,6.38452e-06,1.58066e-05,2.97115e-05,5.0232e-05,8.05155e-05,0.000125207,0.000191162,0.000288496,0.000432139,0.000644124,0.000956966,0.00141865,0.00209999,0.00310549,0.00458938,0.00677927,0.0100111,0.0147804,0.0218189,inf	0.466057,0.466057,1.36367,18.7507,49.4447,124.776,303.339,514.81,556.576,484.961,423.065,394.999,392.974,409.956,465.724,574.954,686.214,789.502,101945,101945
0.000746834	-250445234.07	0,6.38452e-06,1.58066e-05,2.97115e-05,5.0232e-05,8.05155e-05,0.000125207,0.000191162,0.000288496,0.000432139,0.000644124,0.000956966,0.00141865,0.00209999,0.00310549,0.00458938,0.00677927,0.0100111,0.0147804,0.0218189,inf	0.466057,0.466057,1.32006,18.872,49.8371,124.776,302.716,515.533,556.576,484.961,423.065,394.999,392.974,408.684,463.487,575.43,687.314,789.502,101945,101945
0.000746834	-250445162.41	0,6.38452e-06,1.58066e-05,2.97115e-05,5.0232e-05,8.05155e-05,0.000125207,0.000191162,0.000288496,0.000432139,0.000644124,0.000956966,0.00141865,0.00209999,0.00310549,0.00458938,0.00677927,0.0100111,0.0147804,0.0218189,inf	0.466057,0.466057,1.27982,18.9428,50.1572,124.746,302.048,516.522,556.576,484.961,423.065,394.999,392.974,407.732,461.512,576.047,688.099,789.502,101945,101945
0.000746834	-250445110.25	0,6.38452e-06,1.58066e-05,2.97115e-05,5.0232e-05,8.05155e-05,0.000125207,0.000191162,0.000288496,0.000432139,0.000644124,0.000956966,0.00141865,0.00209999,0.00310549,0.00458938,0.00677927,0.0100111,0.0147804,0.0218189,inf	0.466057,0.466057,1.24202,18.9816,50.4197,124.69,301.31,516.562,557.033,484.961,423.065,394.999,392.974,407.037,459.749,576.775,688.632,789.502,101945,101945
