0.00067672	-117393837.16	0,1.76661e-05,4.24904e-05,7.73733e-05,0.000126391,0.000195269,0.000292057,0.000428063,0.000619178,0.000887731,0.0012651,0.00179538,0.00254052,0.00358759,0.00505892,0.00712643,0.0100317,0.0141141,0.0198508,0.0279118,inf	90.0431,90.0431,168.722,224.354,264.268,289.63,305.162,316.43,328.143,343.12,361.805,383.613,405.763,421.046,425.224,421.804,414.529,406.326,400.743,400.743
0.000698788	-117357967.83	0,1.76661e-05,4.24904e-05,7.73733e-05,0.000126391,0.000195269,0.000292057,0.000428063,0.000619178,0.000887731,0.0012651,0.00179538,0.00254052,0.00358759,0.00505892,0.00712643,0.0100317,0.0141141,0.0198508,0.0279118,inf	34.2517,34.2517,108.811,177.371,231.693,265.635,283.558,294.408,306.477,324.683,349.941,382.326,419.329,449.091,460.69,457.41,445.052,429.557,418.644,418.644
0.000718894	-117340809.61	0,1.76661e-05,4.24904e-05,7.73733e-05,0.000126391,0.000195269,0.000292057,0.000428063,0.000619178,0.000887731,0.0012651,0.00179538,0.00254052,0.00358759,0.00505892,0.00712643,0.0100317,0.0141141,0.0198508,0.0279118,inf	17.4523,17.4523,84.7045,159.165,222.815,261.988,279.53,287.203,296.555,314.247,341.472,379.152,426.35,469.143,489.872,489.371,473.876,451.977,435.995,435.995
0.000737233	-117330540.30	0,1.76661e-05,4.24904e-05,7.73733e-05,0.000126391,0.000195269,0.000292057,0.000428063,0.000619178,0.000887731,0.0012651,0.00179538,0.00254052,0.00358759,0.00505892,0.00712643,0.0100317,0.0141141,0.0198508,0.0279118,inf	10.8266,10.8266,72.8144,150.79,221.69,265.16,281.916,285.995,291.914,307.807,334.971,375.105,429.299,483.456,514.004,518.145,501.162,473.667,452.859,452.859
0.000754151	-117323607.70	0,1.76661e-05,4.24904e-05,7.73733e-05,0.000126391,0.000195269,0.000292057,0.000428063,0.000619178,0.000887731,0.0012651,0.00179538,0.00254052,0.00358759,0.00505892,0.00712643,0.0100317,0.0141141,0.0198508,0.0279118,inf	7.74106,7.74106,66.2357,146.273,222.891,270.227,286.485,287.343,289.951,303.699,329.87,370.828,429.761,493.657,534.107,544.161,527.072,494.711,469.285,469.285
0.000769942	-117318552.46	0,1.76661e-05,4.24904e-05,7.73733e-05,0.000126391,0.000195269,0.000292057,0.000428063,0.000619178,0.000887731,0.0012651,0.00179538,0.00254052,0.00358759,0.00505892,0.00712643,0.0100317,0.0141141,0.0198508,0.0279118,inf	6.15104,6.15104,62.4167,143.465,224.453,275.28,291.483,289.735,289.449,301.095,325.856,366.664,428.72,500.884,550.983,567.792,551.747,515.175,485.307,485.307
0.000784827	-117314658.63	0,1.76661e-05,4.24904e-05,7.73733e-05,0.000126391,0.000195269,0.000292057,0.000428063,0.000619178,0.000887731,0.0012651,0.00179538,0.00254052,0.00358759,0.00505892,0.00712643,0.0100317,0.0141141,0.0198508,0.0279118,inf	5.28458,5.28458,60.2337,141.561,225.74,279.638,296.183,292.464,289.781,299.524,322.716,362.78,426.788,505.936,565.253,589.348,575.307,535.116,500.926,500.926
0.000798971	-117311532.50	0,1.76661e-05,4.24904e-05,7.73733e-05,0.000126391,0.000195269,0.000292057,0.000428063,0.000619178,0.000887731,0.0012651,0.00179538,0.00254052,0.00358759,0.00505892,0.00712643,0.0100317,0.0141141,0.0198508,0.0279118,inf	4.80485,4.80485,59.1171,140.25,226.635,283.146,300.317,295.19,290.595,298.687,320.285,359.24,424.342,509.373,577.399,609.09,597.855,554.574,516.161,516.161
0.000812495	-117308940.02	0,1.76661e-05,4.24904e-05,7.73733e-05,0.000126391,0.000195269,0.000292057,0.000428063,0.000619178,0.000887731,0.0012651,0.00179538,0.00254052,0.00358759,0.00505892,0.00712643,0.0100317,0.0141141,0.0198508,0.0279118,inf	4.54453,4.54453,58.7382,139.401,227.209,285.864,303.825,297.752,291.681,298.382,318.43,356.055,421.618,511.598,587.8,627.238,619.478,573.582,530.994,530.994
0.000825489	-117306733.92	0,1.76661e-05,4.24904e-05,7.73733e-05,0.000126391,0.000195269,0.000292057,0.000428063,0.000619178,0.000887731,0.0012651,0.00179538,0.00254052,0.00358759,0.00505892,0.00712643,0.0100317,0.0141141,0.0198508,0.0279118,inf	4.41299,4.41299,58.8841,138.949,227.579,287.924,306.74,300.079,292.906,298.466,317.044,353.209,418.763,512.903,596.752,643.976,640.249,592.168,545.41,545.41
0.000838024	-117304817.34	0,1.76661e-05,4.24904e-05,7.73733e-05,0.000126391,0.000195269,0.000292057,0.000428063,0.000619178,0.000887731,0.0012651,0.00179538,0.00254052,0.00358759,0.00505892,0.00712643,0.0100317,0.0141141,0.0198508,0.0279118,inf	4.36155,4.36155,59.4042,138.843,227.852,289.467,309.126,302.147,294.188,298.835,316.04,350.677,415.871,513.503,604.491,659.461,660.234,610.352,559.372,559.372
0.000850155	-117303124.26	0,1.76661e-05,4.24904e-05,7.73733e-05,0.000126391,0.000195269,0.000292057,0.000428063,0.000619178,0.000887731,0.0012651,0.00179538,0.00254052,0.00358759,0.00505892,0.00712643,0.0100317,0.0141141,0.0198508,0.0279118,inf	4.3598,4.3598,60.191,139.04,228.111,290.623,311.061,303.957,295.471,299.41,315.347,348.427,413.001,513.558,611.209,673.826,679.487,628.145,572.868,572.868
0.000861924	-117301608.19	0,1.76661e-05,4.24904e-05,7.73733e-05,0.000126391,0.000195269,0.000292057,0.000428063,0.000619178,0.000887731,0.0012651,0.00179538,0.00254052,0.00358759,0.00505892,0.00712643,0.0100317,0.0141141,0.0198508,0.0279118,inf	4.38717,4.38717,61.1585,139.495,228.412,291.501,312.619,305.52,296.72,300.132,314.907,346.429,410.187,513.19,617.06,687.188,698.058,645.558,585.836,585.836
0.000873366	-117300235.54	0,1.76661e-05,4.24904e-05,7.73733e-05,0.000126391,0.000195269,0.000292057,0.000428063,0.000619178,0.000887731,0.0012651,0.00179538,0.00254052,0.00358759,0.00505892,0.00712643,0.0100317,0.0141141,0.0198508,0.0279118,inf	4.43044,4.43044,62.2454,140.167,228.792,292.185,313.867,306.856,297.913,300.959,314.674,344.655,407.452,512.491,622.17,699.645,715.991,662.603,598.253,598.253
0.000884511	-117298981.39	0,1.76661e-05,4.24904e-05,7.73733e-05,0.000126391,0.000195269,0.000292057,0.000428063,0.000619178,0.000887731,0.0012651,0.00179538,0.00254052,0.00358759,0.00505892,0.00712643,0.0100317,0.0141141,0.0198508,0.0279118,inf	4.48636,4.48636,63.4036,141.017,229.271,292.741,314.864,307.987,299.036,301.855,314.609,343.079,404.807,511.534,626.644,711.284,733.323,679.279,610.084,610.084
0.000895382	-117297826.82	0,1.76661e-05,4.24904e-05,7.73733e-05,0.000126391,0.000195269,0.000292057,0.000428063,0.000619178,0.000887731,0.0012651,0.00179538,0.00254052,0.00358759,0.00505892,0.00712643,0.0100317,0.0141141,0.0198508,0.0279118,inf	4.54494,4.54494,64.5964,142.011,229.856,293.22,315.659,308.933,300.082,302.796,314.683,341.677,402.26,510.375,630.567,722.181,750.09,695.591,621.291,621.291
0.000906	-117296757.27	0,1.76661e-05,4.24904e-05,7.73733e-05,0.000126391,0.000195269,0.000292057,0.000428063,0.000619178,0.000887731,0.0012651,0.00179538,0.00254052,0.00358759,0.00505892,0.00712643,0.0100317,0.0141141,0.0198508,0.0279118,inf	4.60619,4.60619,65.7976,143.116,230.547,293.657,316.293,309.716,301.049,303.763,314.869,340.43,399.812,509.057,634.014,732.403,766.321,711.534,631.817,631.817
0.000916382	-117295761.20	0,1.76661e-05,4.24904e-05,7.73733e-05,0.000126391,0.000195269,0.000292057,0.000428063,0.000619178,0.000887731,0.0012651,0.00179538,0.00254052,0.00358759,0.00505892,0.00712643,0.0100317,0.0141141,0.0198508,0.0279118,inf	4.67027,4.67027,66.988,144.306,231.339,294.079,316.799,310.355,301.935,304.74,315.147,339.32,397.463,507.617,637.045,742.008,782.046,727.11,641.62,641.62
0.000926542	-117294829.36	0,1.76661e-05,4.24904e-05,7.73733e-05,0.000126391,0.000195269,0.000292057,0.000428063,0.000619178,0.000887731,0.0012651,0.00179538,0.00254052,0.00358759,0.00505892,0.00712643,0.0100317,0.0141141,0.0198508,0.0279118,inf	4.73662,4.73662,68.1537,145.555,232.223,294.504,317.206,310.869,302.743,305.716,315.501,338.332,395.211,506.081,639.712,751.048,797.288,742.314,650.678,650.678
0.000936495	-117293954.28	0,1.76661e-05,4.24904e-05,7.73733e-05,0.000126391,0.000195269,0.000292057,0.000428063,0.000619178,0.000887731,0.0012651,0.00179538,0.00254052,0.00358759,0.00505892,0.00712643,0.0100317,0.0141141,0.0198508,0.0279118,inf	4.80254,4.80254,69.2879,146.848,233.189,294.946,317.537,311.272,303.474,306.684,315.916,337.451,393.053,504.473,642.059,759.57,812.071,757.137,658.965,658.965
