0.000661175	-294719536.17	0,7.61246e-06,1.88467e-05,3.54259e-05,5.98931e-05,9.60011e-05,0.000149288,0.000227928,0.000343983,0.000515253,0.000768009,0.00114102,0.0016915,0.00250388,0.00370277,0.00547206,0.00808314,0.0119365,0.0176232,0.0260154,inf	25.4463,25.4463,56.3056,93.0972,138.998,187.733,232.764,270.036,299.442,325.289,350.81,377.385,404.408,426.11,434.116,432.469,427.11,420.337,419.109,419.109
0.000680907	-294611877.69	0,7.61246e-06,1.88467e-05,3.54259e-05,5.98931e-05,9.60011e-05,0.000149288,0.000227928,0.000343983,0.000515253,0.000768009,0.00114102,0.0016915,0.00250388,0.00370277,0.00547206,0.00808314,0.0119365,0.0176232,0.0260154,inf	2.85614,2.85614,13.8263,35.8294,75.1847,127.667,183.402,231.321,267.795,299.602,332.453,369.122,410.152,448.047,466.361,467.812,460.739,449.303,449.44,449.44
0.000697984	-294567438.34	0,7.61246e-06,1.88467e-05,3.54259e-05,5.98931e-05,9.60011e-05,0.000149288,0.000227928,0.000343983,0.000515253,0.000768009,0.00114102,0.0016915,0.00250388,0.00370277,0.00547206,0.00808314,0.0119365,0.0176232,0.0260154,inf	0.508185,0.508185,5.08612,18.9948,51.9071,103.659,164.765,218.095,256.115,288.123,322.263,362.565,411.069,460.94,490.073,497.561,491.66,477.532,482.229,482.229
0.000712885	-294544167.64	0,7.61246e-06,1.88467e-05,3.54259e-05,5.98931e-05,9.60011e-05,0.000149288,0.000227928,0.000343983,0.000515253,0.000768009,0.00114102,0.0016915,0.00250388,0.00370277,0.00547206,0.00808314,0.0119365,0.0176232,0.0260154,inf	0.390906,0.390906,2.55961,12.5438,41.5302,92.4017,157.673,215.025,252.883,283.12,316.192,357.173,409.491,468.088,507.588,522.767,520.216,505.157,518.452,518.452
0.000726156	-294529980.18	0,7.61246e-06,1.88467e-05,3.54259e-05,5.98931e-05,9.60011e-05,0.000149288,0.000227928,0.000343983,0.000515253,0.000768009,0.00114102,0.0016915,0.00250388,0.00370277,0.00547206,0.00808314,0.0119365,0.0176232,0.0260154,inf	0.390906,0.390906,1.60763,9.60035,36.3325,86.5106,155.371,216.257,253.485,281.383,312.508,352.765,406.76,471.622,520.613,544.31,546.725,532.308,559.603,559.603
0.000738213	-294520376.59	0,7.61246e-06,1.88467e-05,3.54259e-05,5.98931e-05,9.60011e-05,0.000149288,0.000227928,0.000343983,0.000515253,0.000768009,0.00114102,0.0016915,0.00250388,0.00370277,0.00547206,0.00808314,0.0119365,0.0176232,0.0260154,inf	0.390906,0.390906,1.17483,8.10628,33.5723,83.1278,155.047,219.184,255.78,281.362,310.324,349.213,403.604,472.883,530.354,562.887,571.454,559.093,608.151,608.151
0.000749352	-294513374.11	0,7.61246e-06,1.88467e-05,3.54259e-05,5.98931e-05,9.60011e-05,0.000149288,0.000227928,0.000343983,0.000515253,0.000768009,0.00114102,0.0016915,0.00250388,0.00370277,0.00547206,0.00808314,0.0119365,0.0176232,0.0260154,inf	0.390906,0.390906,0.955048,7.31056,32.1066,81.0228,155.449,222.578,258.708,282.245,309.13,346.396,400.405,472.714,537.659,579.036,594.623,585.602,668.678,668.678
0.000759778	-294507984.53	0,7.61246e-06,1.88467e-05,3.54259e-05,5.98931e-05,9.60011e-05,0.000149288,0.000227928,0.000343983,0.000515253,0.000768009,0.00114102,0.0016915,0.00250388,0.00370277,0.00547206,0.00808314,0.0119365,0.0176232,0.0260154,inf	0.390906,0.390906,0.835159,6.88979,31.3904,79.6308,156.031,225.87,261.736,283.582,308.614,344.203,397.358,471.647,543.131,593.179,616.409,611.903,751.313,751.313
0.000769636	-294503665.06	0,7.61246e-06,1.88467e-05,3.54259e-05,5.98931e-05,9.60011e-05,0.000149288,0.000227928,0.000343983,0.000515253,0.000768009,0.00114102,0.0016915,0.00250388,0.00370277,0.00547206,0.00808314,0.0119365,0.0176232,0.0260154,inf	0.390906,0.390906,0.767386,6.68668,31.1387,78.6833,156.578,228.823,264.603,285.121,308.567,342.532,394.548,470.023,547.203,605.646,636.961,638.045,885.925,885.925
0.000779028	-294500092.62	0,7.61246e-06,1.88467e-05,3.54259e-05,5.98931e-05,9.60011e-05,0.000149288,0.000227928,0.000343983,0.000515253,0.000768009,0.00114102,0.0016915,0.00250388,0.00370277,0.00547206,0.00808314,0.0119365,0.0176232,0.0260154,inf	0.390906,0.390906,0.73197,6.61665,31.1912,78.0462,157.029,231.367,267.197,286.713,308.849,341.294,392.008,468.063,550.191,616.7,656.401,664.028,1234.62,1234.62
0.000788031	-294497062.05	0,7.61246e-06,1.88467e-05,3.54259e-05,5.98931e-05,9.60011e-05,0.000149288,0.000227928,0.000343983,0.000515253,0.000768009,0.00114102,0.0016915,0.00250388,0.00370277,0.00547206,0.00808314,0.0119365,0.0176232,0.0260154,inf	0.390906,0.390906,0.71018,6.6302,31.4486,77.6479,157.391,233.514,269.475,288.275,309.36,340.415,389.738,465.909,552.332,626.55,674.827,689.706,4343.38,4343.38
0.000796221	-294494437.71	0,7.61246e-06,1.88467e-05,3.54259e-05,5.98931e-05,9.60011e-05,0.000149288,0.000227928,0.000343983,0.000515253,0.000768009,0.00114102,0.0016915,0.00250388,0.00370277,0.00547206,0.00808314,0.0119365,0.0176232,0.0260154,inf	0.390906,0.390906,0.698796,6.69451,31.8418,77.4029,157.595,235.175,271.308,289.644,309.941,339.774,387.662,463.583,553.73,635.312,692.283,714.65,85327,85327
0.000796221	-294492209.90	0,7.61246e-06,1.88467e-05,3.54259e-05,5.98931e-05,9.60011e-05,0.000149288,0.000227928,0.000343983,0.000515253,0.000768009,0.00114102,0.0016915,0.00250388,0.00370277,0.00547206,0.00808314,0.0119365,0.0176232,0.0260154,inf	0.390906,0.390906,0.691454,6.76862,32.2266,77.1232,157.389,235.958,272.183,289.644,309.856,338.508,384.776,460.12,553.566,638.194,692.283,714.65,85327,85327
0.000796221	-294491855.87	0,7.61246e-06,1.88467e-05,3.54259e-05,5.98931e-05,9.60011e-05,0.000149288,0.000227928,0.000343983,0.000515253,0.000768009,0.00114102,0.0016915,0.00250388,0.00370277,0.00547206,0.00808314,0.0119365,0.0176232,0.0260154,inf	0.390906,0.390906,0.682575,6.80871,32.5233,76.7809,157.026,236.572,272.244,289.656,309.856,338.01,382.746,457.372,553.745,640.071,692.283,714.65,85327,85327
0.000796221	-294491648.11	0,7.61246e-06,1.88467e-05,3.54259e-05,5.98931e-05,9.60011e-05,0.000149288,0.000227928,0.000343983,0.000515253,0.000768009,0.00114102,0.0016915,0.00250388,0.00370277,0.00547206,0.00808314,0.0119365,0.0176232,0.0260154,inf	0.390906,0.390906,0.673505,6.82822,32.7727,76.4523,156.639,237.159,273.197,289.656,309.856,338.01,381.319,455.121,554.164,641.265,692.283,714.65,85327,85327
0.000796221	-294491515.91	0,7.61246e-06,1.88467e-05,3.54259e-05,5.98931e-05,9.60011e-05,0.000149288,0.000227928,0.000343983,0.000515253,0.000768009,0.00114102,0.0016915,0.00250388,0.00370277,0.00547206,0.00808314,0.0119365,0.0176232,0.0260154,inf	0.390906,0.390906,0.663791,6.83235,32.9873,76.1251,156.162,237.569,273.524,289.656,309.856,338.01,380.292,453.226,554.753,642.055,692.283,714.65,85326.9,85326.9
0.000796221	-294491427.20	0,7.61246e-06,1.88467e-05,3.54259e-05,5.98931e-05,9.60011e-05,0.000149288,0.000227928,0.000343983,0.000515253,0.000768009,0.00114102,0.0016915,0.00250388,0.00370277,0.00547206,0.00808314,0.0119365,0.0176232,0.0260154,inf	0.390906,0.390906,0.649208,6.82932,33.1875,75.8423,155.703,237.949,274.408,289.656,309.856,338.01,379.076,450.569,554.753,643.656,692.283,714.65,85326.9,85326.9
0.000796221	-294491308.80	0,7.61246e-06,1.88467e-05,3.54259e-05,5.98931e-05,9.60011e-05,0.000149288,0.000227928,0.000343983,0.000515253,0.000768009,0.00114102,0.0016915,0.00250388,0.00370277,0.00547206,0.00808314,0.0119365,0.0176232,0.0260154,inf	0.390906,0.390906,0.640507,6.81927,33.3627,75.5673,155.16,238.15,275.002,289.656,309.856,338.01,378.783,449.339,555.674,643.688,692.283,714.65,85326.9,85326.9
0.000796221	-294491279.28	0,7.61246e-06,1.88467e-05,3.54259e-05,5.98931e-05,9.60011e-05,0.000149288,0.000227928,0.000343983,0.000515253,0.000768009,0.00114102,0.0016915,0.00250388,0.00370277,0.00547206,0.00808314,0.0119365,0.0176232,0.0260154,inf	0.390906,0.390906,0.63243,6.80411,33.5311,75.3411,154.646,238.289,275.747,290.035,309.856,338.01,378.615,448.228,556.504,643.688,692.283,714.65,85326.9,85326.9
0.000796221	-294491253.51	0,7.61246e-06,1.88467e-05,3.54259e-05,5.98931e-05,9.60011e-05,0.000149288,0.000227928,0.000343983,0.000515253,0.000768009,0.00114102,0.0016915,0.00250388,0.00370277,0.00547206,0.00808314,0.0119365,0.0176232,0.0260154,inf	0.390906,0.390906,0.623463,6.78639,33.6008,75.1517,154.113,238.301,276.042,290.035,309.856,338.01,378.539,447.263,557.193,643.688,692.283,714.65,85326.9,85326.9
