0.00062314	-95403382.27	0,1.63436e-05,3.93095e-05,7.15811e-05,0.000116929,0.000180652,0.000270194,0.000396019,0.000572826,0.000821276,0.0011704,0.00166098,0.00235034,0.00331902,0.00468021,0.00659295,0.00928072,0.0130576,0.0183647,0.0258224,inf	106.461,106.461,195.254,262.62,320.844,362.183,379.263,379.752,377.287,378.014,384.023,396.315,413.853,431.376,441.857,443.927,441.453,438.213,435.363,435.363
0.000641852	-95386531.33	0,1.63436e-05,3.93095e-05,7.15811e-05,0.000116929,0.000180652,0.000270194,0.000396019,0.000572826,0.000821276,0.0011704,0.00166098,0.00235034,0.00331902,0.00468021,0.00659295,0.00928072,0.0130576,0.0183647,0.0258224,inf	43.7325,43.7325,125.228,205.537,289.114,355.121,380.18,374.977,365.333,362.025,368.215,385.663,413.703,444.81,465.692,471.493,468.301,463.305,458.531,458.531
0.000659884	-95376905.70	0,1.63436e-05,3.93095e-05,7.15811e-05,0.000116929,0.000180652,0.000270194,0.000396019,0.000572826,0.000821276,0.0011704,0.00166098,0.00235034,0.00331902,0.00468021,0.00659295,0.00928072,0.0130576,0.0183647,0.0258224,inf	25.1592,25.1592,95.5702,176.793,274.874,360.059,390.899,378.941,361.565,353.319,357.876,377.497,412.33,454.373,485.368,496.095,493.739,488.534,483.001,483.001
0.000677064	-95370067.91	0,1.63436e-05,3.93095e-05,7.15811e-05,0.000116929,0.000180652,0.000270194,0.000396019,0.000572826,0.000821276,0.0011704,0.00166098,0.00235034,0.00331902,0.00468021,0.00659295,0.00928072,0.0130576,0.0183647,0.0258224,inf	18.3569,18.3569,81.3016,159.757,266.611,367.691,403.699,385.422,360.979,348.021,350.402,370.72,410.057,461.005,501.626,518.069,517.874,514.034,509.19,509.19
0.000693442	-95364808.28	0,1.63436e-05,3.93095e-05,7.15811e-05,0.000116929,0.000180652,0.000270194,0.000396019,0.000572826,0.000821276,0.0011704,0.00166098,0.00235034,0.00331902,0.00468021,0.00659295,0.00928072,0.0130576,0.0183647,0.0258224,inf	15.6393,15.6393,74.2005,148.703,260.666,375.011,415.937,392.228,361.722,344.606,344.73,364.935,407.239,465.46,515.105,537.744,540.826,539.96,537.659,537.659
0.000709111	-95360583.14	0,1.63436e-05,3.93095e-05,7.15811e-05,0.000116929,0.000180652,0.000270194,0.000396019,0.000572826,0.000821276,0.0011704,0.00166098,0.00235034,0.00331902,0.00468021,0.00659295,0.00928072,0.0130576,0.0183647,0.0258224,inf	14.6166,14.6166,70.9016,141.22,255.837,381.179,426.791,398.584,363.04,342.377,340.334,359.95,404.138,468.298,526.321,555.412,562.707,566.486,569.199,569.199
0.000724159	-95357082.17	0,1.63436e-05,3.93095e-05,7.15811e-05,0.000116929,0.000180652,0.000270194,0.000396019,0.000572826,0.000821276,0.0011704,0.00166098,0.00235034,0.00331902,0.00468021,0.00659295,0.00928072,0.0130576,0.0183647,0.0258224,inf	14.3779,14.3779,69.8013,136.105,251.739,386.129,436.123,404.253,364.597,340.961,336.902,355.64,400.925,469.93,535.686,571.326,583.62,593.807,604.963,604.963
0.000738661	-95354109.36	0,1.63436e-05,3.93095e-05,7.15811e-05,0.000116929,0.000180652,0.000270194,0.000396019,0.000572826,0.000821276,0.0011704,0.00166098,0.00235034,0.00331902,0.00468021,0.00659295,0.00928072,0.0130576,0.0183647,0.0258224,inf	14.5028,14.5028,70.0334,132.674,248.252,390.045,444.045,409.201,366.232,340.131,334.225,351.906,397.71,470.657,543.526,585.703,603.652,622.146,646.746,646.746
0.000752679	-95351534.22	0,1.63436e-05,3.93095e-05,7.15811e-05,0.000116929,0.000180652,0.000270194,0.000396019,0.000572826,0.000821276,0.0011704,0.00166098,0.00235034,0.00331902,0.00468021,0.00659295,0.00928072,0.0130576,0.0183647,0.0258224,inf	14.7779,14.7779,71.0928,130.494,245.337,393.159,450.742,413.468,367.86,339.734,332.148,348.666,394.556,470.697,550.102,598.727,622.882,651.763,697.61,697.61
0.000766263	-95349266.78	0,1.63436e-05,3.93095e-05,7.15811e-05,0.000116929,0.000180652,0.000270194,0.000396019,0.000572826,0.000821276,0.0011704,0.00166098,0.00235034,0.00331902,0.00468021,0.00659295,0.00928072,0.0130576,0.0183647,0.0258224,inf	15.0928,15.0928,72.6693,129.266,242.963,395.685,456.408,417.121,369.433,339.661,330.553,345.848,391.5,470.218,555.624,610.556,641.38,682.969,763.491,763.491
0.000779455	-95347243.11	0,1.63436e-05,3.93095e-05,7.15811e-05,0.000116929,0.000180652,0.000270194,0.000396019,0.000572826,0.000821276,0.0011704,0.00166098,0.00235034,0.00331902,0.00468021,0.00659295,0.00928072,0.0130576,0.0183647,0.0258224,inf	15.3892,15.3892,74.5572,128.776,241.099,397.8,461.215,420.228,370.924,339.83,329.349,343.393,388.562,469.341,560.26,621.327,659.205,716.156,858.24,858.24
0.000792289	-95345416.68	0,1.63436e-05,3.93095e-05,7.15811e-05,0.000116929,0.000180652,0.000270194,0.000396019,0.000572826,0.000821276,0.0011704,0.00166098,0.00235034,0.00331902,0.00468021,0.00659295,0.00928072,0.0130576,0.0183647,0.0258224,inf	15.6441,15.6441,76.617,128.864,239.704,399.638,465.313,422.856,372.316,340.181,328.464,341.25,385.75,468.161,564.148,631.155,676.41,751.808,1027.81,1027.81
0.000804795	-95343752.78	0,1.63436e-05,3.93095e-05,7.15811e-05,0.000116929,0.000180652,0.000270194,0.000396019,0.000572826,0.000821276,0.0011704,0.00166098,0.00235034,0.00331902,0.00468021,0.00659295,0.00928072,0.0130576,0.0183647,0.0258224,inf	15.8479,15.8479,78.7566,129.407,238.737,401.302,468.827,425.066,373.603,340.666,327.84,339.375,383.069,466.75,567.401,640.142,693.041,790.548,1605.27,1605.27
0.000816998	-95342224.97	0,1.63436e-05,3.93095e-05,7.15811e-05,0.000116929,0.000180652,0.000270194,0.000396019,0.000572826,0.000821276,0.0011704,0.00166098,0.00235034,0.00331902,0.00468021,0.00659295,0.00928072,0.0130576,0.0183647,0.0258224,inf	16.0041,16.0041,80.908,130.308,238.155,402.863,471.861,426.91,374.783,341.248,327.429,337.732,380.514,465.165,570.113,648.375,709.134,833.116,13078.2,13078.2
0.000816998	-95340813.01	0,1.63436e-05,3.93095e-05,7.15811e-05,0.000116929,0.000180652,0.000270194,0.000396019,0.000572826,0.000821276,0.0011704,0.00166098,0.00235034,0.00331902,0.00468021,0.00659295,0.00928072,0.0130576,0.0183647,0.0258224,inf	16.0481,16.0481,82.608,130.834,236.724,402.292,472.04,426.318,374.107,340.411,325.871,335.044,376.784,461.934,570.832,654.711,723.885,880.147,95946.1,95946.1
0.000816998	-95340543.01	0,1.63436e-05,3.93095e-05,7.15811e-05,0.000116929,0.000180652,0.000270194,0.000396019,0.000572826,0.000821276,0.0011704,0.00166098,0.00235034,0.00331902,0.00468021,0.00659295,0.00928072,0.0130576,0.0183647,0.0258224,inf	15.9713,15.9713,83.9212,131.304,235.526,402.223,472.998,426.651,374.428,340.59,325.3,333.274,373.79,459.241,571.788,657.086,723.926,880.147,95946.1,95946.1
0.000816998	-95340425.10	0,1.63436e-05,3.93095e-05,7.15811e-05,0.000116929,0.000180652,0.000270194,0.000396019,0.000572826,0.000821276,0.0011704,0.00166098,0.00235034,0.00331902,0.00468021,0.00659295,0.00928072,0.0130576,0.0183647,0.0258224,inf	15.8371,15.8371,84.9015,131.629,234.237,401.96,473.803,426.831,374.428,340.59,325.248,332.042,371.333,456.979,572.965,658.605,723.926,880.147,95946.1,95946.1
0.000816998	-95340345.71	0,1.63436e-05,3.93095e-05,7.15811e-05,0.000116929,0.000180652,0.000270194,0.000396019,0.000572826,0.000821276,0.0011704,0.00166098,0.00235034,0.00331902,0.00468021,0.00659295,0.00928072,0.0130576,0.0183647,0.0258224,inf	15.686,15.686,85.6668,131.907,232.974,401.66,474.584,427.3,375.23,341.178,325.248,331.24,369.321,455.04,574.303,659.566,723.926,880.147,95946,95946
0.000816998	-95340286.93	0,1.63436e-05,3.93095e-05,7.15811e-05,0.000116929,0.000180652,0.000270194,0.000396019,0.000572826,0.000821276,0.0011704,0.00166098,0.00235034,0.00331902,0.00468021,0.00659295,0.00928072,0.0130576,0.0183647,0.0258224,inf	15.5367,15.5367,86.2888,132.166,231.723,401.208,475.129,427.591,375.663,341.735,325.248,330.725,367.629,453.346,575.763,660.126,723.926,880.147,95945.9,95945.9
0.000816998	-95340242.19	0,1.63436e-05,3.93095e-05,7.15811e-05,0.000116929,0.000180652,0.000270194,0.000396019,0.000572826,0.000821276,0.0011704,0.00166098,0.00235034,0.00331902,0.00468021,0.00659295,0.00928072,0.0130576,0.0183647,0.0258224,inf	15.3982,15.3982,86.7998,132.438,230.533,400.691,475.508,427.751,376.381,342.777,325.248,330.434,366.191,451.843,577.312,660.378,723.926,880.147,95945.9,95945.9
