0.000621094	-104249690.24	0,1.6294e-05,3.91903e-05,7.1364e-05,0.000116574,0.000180104,0.000269374,0.000394817,0.000571089,0.000818785,0.00116685,0.00165594,0.00234321,0.00330896,0.00466602,0.00657295,0.00925257,0.0130179,0.018309,0.025744,inf	106.83,106.83,193.759,261.237,321.623,365.76,382.556,382.706,378.59,378.026,383.882,396.829,415.827,435.833,448.766,452.143,448.662,442.979,441.024,441.024
0.000639265	-104230399.80	0,1.6294e-05,3.91903e-05,7.1364e-05,0.000116574,0.000180104,0.000269374,0.000394817,0.000571089,0.000818785,0.00116685,0.00165594,0.00234321,0.00330896,0.00466602,0.00657295,0.00925257,0.0130179,0.018309,0.025744,inf	43.8394,43.8394,122.991,202.56,288.843,360.112,384.996,379.634,367.102,361.489,367.236,385.407,415.51,451.035,477.091,486.226,481.403,471.418,469.166,469.166
0.000656511	-104219546.06	0,1.6294e-05,3.91903e-05,7.1364e-05,0.000116574,0.000180104,0.000269374,0.000394817,0.000571089,0.000818785,0.00116685,0.00165594,0.00234321,0.00330896,0.00466602,0.00657295,0.00925257,0.0130179,0.018309,0.025744,inf	25.2652,25.2652,92.9757,172.602,273.154,365.656,396.596,385.043,363.86,352.548,356.4,376.587,413.606,461.492,500.381,516.959,512.683,499.814,499.369,499.369
0.000672718	-104212128.27	0,1.6294e-05,3.91903e-05,7.1364e-05,0.000116574,0.000180104,0.000269374,0.000394817,0.000571089,0.000818785,0.00116685,0.00165594,0.00234321,0.00330896,0.00466602,0.00657295,0.00925257,0.0130179,0.018309,0.025744,inf	18.5456,18.5456,78.5061,154.66,263.328,373.294,409.707,392.68,363.776,347.202,348.681,369.319,410.69,468.488,519.599,544.731,542.613,528.275,532.326,532.326
0.000687978	-104206650.56	0,1.6294e-05,3.91903e-05,7.1364e-05,0.000116574,0.000180104,0.000269374,0.000394817,0.000571089,0.000818785,0.00116685,0.00165594,0.00234321,0.00330896,0.00466602,0.00657295,0.00925257,0.0130179,0.018309,0.025744,inf	15.9077,15.9077,71.2902,142.95,255.9,380.233,421.805,400.377,364.967,343.858,342.95,363.199,407.227,472.983,535.543,569.918,571.321,556.93,569.038,569.038
0.000702412	-104202415.85	0,1.6294e-05,3.91903e-05,7.1364e-05,0.000116574,0.000180104,0.000269374,0.000394817,0.000571089,0.000818785,0.00116685,0.00165594,0.00234321,0.00330896,0.00466602,0.00657295,0.00925257,0.0130179,0.018309,0.025744,inf	14.9344,14.9344,67.9345,134.991,249.761,385.804,432.189,407.4,366.67,341.773,338.627,358.011,403.53,475.663,548.849,592.855,598.929,585.912,611.006,611.006
0.000716126	-104199028.51	0,1.6294e-05,3.91903e-05,7.1364e-05,0.000116574,0.000180104,0.000269374,0.000394817,0.000571089,0.000818785,0.00116685,0.00165594,0.00234321,0.00330896,0.00466602,0.00657295,0.00925257,0.0130179,0.018309,0.025744,inf	14.7026,14.7026,66.8101,129.518,244.556,390.067,440.83,413.55,368.547,340.543,335.361,353.603,399.784,477.018,560.014,613.826,625.547,615.37,660.699,660.699
0.000729211	-104196243.40	0,1.6294e-05,3.91903e-05,7.1364e-05,0.000116574,0.000180104,0.000269374,0.000394817,0.000571089,0.000818785,0.00116685,0.00165594,0.00234321,0.00330896,0.00466602,0.00657295,0.00925257,0.0130179,0.018309,0.025744,inf	14.7973,14.7973,67.0425,125.791,240.163,393.284,447.921,418.83,370.435,339.916,332.912,349.851,396.101,477.397,569.429,633.076,651.273,645.461,722.626,722.626
0.000741739	-104193900.84	0,1.6294e-05,3.91903e-05,7.1364e-05,0.000116574,0.000180104,0.000269374,0.000394817,0.000571089,0.000818785,0.00116685,0.00165594,0.00234321,0.00330896,0.00466602,0.00657295,0.00925257,0.0130179,0.018309,0.025744,inf	15.0071,15.0071,68.1187,123.333,236.515,395.736,453.707,423.312,372.253,339.726,331.104,346.654,392.54,477.051,577.401,650.812,676.195,676.362,806.397,806.397
0.000753769	-104191892.97	0,1.6294e-05,3.91903e-05,7.1364e-05,0.000116574,0.000180104,0.000269374,0.000394817,0.000571089,0.000818785,0.00116685,0.00165594,0.00234321,0.00330896,0.00466602,0.00657295,0.00925257,0.0130179,0.018309,0.025744,inf	15.2322,15.2322,69.7155,121.82,233.556,397.663,458.426,427.084,373.955,339.853,329.804,343.927,389.133,476.164,584.176,667.21,700.392,708.267,938.68,938.68
0.000765348	-104190144.70	0,1.6294e-05,3.91903e-05,7.1364e-05,0.000116574,0.000180104,0.000269374,0.000394817,0.000571089,0.000818785,0.00116685,0.00165594,0.00234321,0.00330896,0.00466602,0.00657295,0.00925257,0.0130179,0.018309,0.025744,inf	15.4236,15.4236,71.6186,121.015,231.224,399.248,462.281,430.24,375.522,340.207,328.909,341.597,385.891,474.874,589.95,682.42,723.931,741.385,1249.02,1249.02
0.000776518	-104188602.28	0,1.6294e-05,3.91903e-05,7.1364e-05,0.000116574,0.000180104,0.000269374,0.000394817,0.000571089,0.000818785,0.00116685,0.00165594,0.00234321,0.00330896,0.00466602,0.00657295,0.00925257,0.0130179,0.018309,0.025744,inf	15.5627,15.5627,73.6812,120.744,229.457,400.63,465.445,432.863,376.942,340.725,328.34,339.605,382.82,473.283,594.881,696.572,746.872,775.851,3450.62,3450.62
0.000786754	-104187226.35	0,1.6294e-05,3.91903e-05,7.1364e-05,0.000116574,0.000180104,0.000269374,0.000394817,0.000571089,0.000818785,0.00116685,0.00165594,0.00234321,0.00330896,0.00466602,0.00657295,0.00925257,0.0130179,0.018309,0.025744,inf	15.6465,15.6465,75.7922,120.853,228.148,401.822,467.956,434.846,377.995,341.211,327.944,337.838,379.848,471.393,599.023,709.718,769.224,811.539,96234,96234
0.000786754	-104186031.43	0,1.6294e-05,3.91903e-05,7.1364e-05,0.000116574,0.000180104,0.000269374,0.000394817,0.000571089,0.000818785,0.00116685,0.00165594,0.00234321,0.00330896,0.00466602,0.00657295,0.00925257,0.0130179,0.018309,0.025744,inf	15.6125,15.6125,77.5379,120.726,226.286,401.199,467.996,434.738,377.602,340.642,326.704,335.305,376.004,468.199,599.099,713.847,769.224,811.539,96234,96234
0.000786754	-104185853.32	0,1.6294e-05,3.91903e-05,7.1364e-05,0.000116574,0.000180104,0.000269374,0.000394817,0.000571089,0.000818785,0.00116685,0.00165594,0.00234321,0.00330896,0.00466602,0.00657295,0.00925257,0.0130179,0.018309,0.025744,inf	15.4972,15.4972,78.9744,120.638,224.69,400.941,468.523,435.283,378.009,340.983,326.418,333.713,373.025,465.652,599.2,716.721,769.224,811.539,96233.9,96233.9
0.000786754	-104185744.40	0,1.6294e-05,3.91903e-05,7.1364e-05,0.000116574,0.000180104,0.000269374,0.000394817,0.000571089,0.000818785,0.00116685,0.00165594,0.00234321,0.00330896,0.00466602,0.00657295,0.00925257,0.0130179,0.018309,0.025744,inf	15.3437,15.3437,80.1603,120.561,223.201,400.669,468.917,435.817,378.597,341.683,326.418,332.653,370.532,463.587,599.2,716.721,770.801,811.539,96233.9,96233.9
0.000786754	-104185689.71	0,1.6294e-05,3.91903e-05,7.1364e-05,0.000116574,0.000180104,0.000269374,0.000394817,0.000571089,0.000818785,0.00116685,0.00165594,0.00234321,0.00330896,0.00466602,0.00657295,0.00925257,0.0130179,0.018309,0.025744,inf	15.1788,15.1788,81.1438,120.485,221.759,400.243,469.095,436.184,379.156,342.031,326.418,331.996,368.509,461.787,601.741,716.721,770.801,811.539,96233.8,96233.8
0.000786754	-104185635.44	0,1.6294e-05,3.91903e-05,7.1364e-05,0.000116574,0.000180104,0.000269374,0.000394817,0.000571089,0.000818785,0.00116685,0.00165594,0.00234321,0.00330896,0.00466602,0.00657295,0.00925257,0.0130179,0.018309,0.025744,inf	15.0215,15.0215,81.989,120.465,220.471,399.872,469.219,436.51,379.73,343.023,327.186,331.647,366.007,459.671,601.741,718.837,770.801,811.539,96233.7,96233.7
0.000786754	-104185577.18	0,1.6294e-05,3.91903e-05,7.1364e-05,0.000116574,0.000180104,0.000269374,0.000394817,0.000571089,0.000818785,0.00116685,0.00165594,0.00234321,0.00330896,0.00466602,0.00657295,0.00925257,0.0130179,0.018309,0.025744,inf	14.8737,14.8737,82.7128,120.488,219.272,399.425,469.086,436.565,380.144,343.638,327.186,331.498,364.116,458.101,603.872,718.837,770.801,811.539,96233.6,96233.6
0.000786754	-104185538.45	0,1.6294e-05,3.91903e-05,7.1364e-05,0.000116574,0.000180104,0.000269374,0.000394817,0.000571089,0.000818785,0.00116685,0.00165594,0.00234321,0.00330896,0.00466602,0.00657295,0.00925257,0.0130179,0.018309,0.025744,inf	14.7403,14.7403,83.3514,120.576,218.224,399.084,468.948,436.443,380.565,344.64,328.226,331.504,362.385,456.633,605.795,718.837,770.801,811.539,96233.4,96233.4
