0.000612577	-92006466.69	0,1.61302e-05,3.87962e-05,7.06463e-05,0.000115402,0.000178292,0.000266665,0.000390847,0.000565346,0.00081055,0.00115511,0.00163928,0.00231964,0.00327568,0.00461909,0.00650685,0.00915952,0.012887,0.0181249,0.0254851,inf	112.646,112.646,202.457,267.69,324.879,364.99,380.646,382.147,380.856,382.567,389.487,402.469,420.629,438.798,449.533,451.746,448.093,442.109,438.382,438.382
0.000628508	-91990072.50	0,1.61302e-05,3.87962e-05,7.06463e-05,0.000115402,0.000178292,0.000266665,0.000390847,0.000565346,0.00081055,0.00115511,0.00163928,0.00231964,0.00327568,0.00461909,0.00650685,0.00915952,0.012887,0.0181249,0.0254851,inf	48.594,48.594,133.089,211.166,293.437,357.057,378.994,375.498,367.693,365.839,373.408,391.966,421.22,453.827,475.475,481.768,476.086,465.067,458.39,458.39
0.000643717	-91980975.03	0,1.61302e-05,3.87962e-05,7.06463e-05,0.000115402,0.000178292,0.000266665,0.000390847,0.000565346,0.00081055,0.00115511,0.00163928,0.00231964,0.00327568,0.00461909,0.00650685,0.00915952,0.012887,0.0181249,0.0254851,inf	29.203,29.203,103.666,182.947,279.965,361.904,387.94,378.305,363.184,356.593,362.748,383.71,420.253,464.712,497.155,508.902,502.627,487.535,478.818,478.818
0.00065806	-91974701.91	0,1.61302e-05,3.87962e-05,7.06463e-05,0.000115402,0.000178292,0.000266665,0.000390847,0.000565346,0.00081055,0.00115511,0.00163928,0.00231964,0.00327568,0.00461909,0.00650685,0.00915952,0.012887,0.0181249,0.0254851,inf	21.9906,21.9906,89.466,166.169,272.477,369.771,399.442,384.096,362.174,350.916,354.963,376.729,418.176,472.456,515.316,533.458,527.807,509.57,499.852,499.852
0.000671606	-91970010.46	0,1.61302e-05,3.87962e-05,7.06463e-05,0.000115402,0.000178292,0.000266665,0.000390847,0.000565346,0.00081055,0.00115511,0.00163928,0.00231964,0.00327568,0.00461909,0.00650685,0.00915952,0.012887,0.0181249,0.0254851,inf	19.0801,19.0801,82.407,155.092,267.131,377.404,410.663,390.515,362.708,347.244,349.011,370.687,415.42,477.854,530.603,555.746,551.735,531.244,521.709,521.709
0.000684454	-91966342.48	0,1.61302e-05,3.87962e-05,7.06463e-05,0.000115402,0.000178292,0.000266665,0.000390847,0.000565346,0.00081055,0.00115511,0.00163928,0.00231964,0.00327568,0.00461909,0.00650685,0.00915952,0.012887,0.0181249,0.0254851,inf	17.9682,17.9682,79.1748,147.357,262.68,383.84,420.663,396.683,363.96,344.847,344.368,365.425,412.293,481.501,543.537,576.044,574.516,552.623,544.647,544.647
0.000696697	-91963381.60	0,1.61302e-05,3.87962e-05,7.06463e-05,0.000115402,0.000178292,0.000266665,0.000390847,0.000565346,0.00081055,0.00115511,0.00163928,0.00231964,0.00327568,0.00461909,0.00650685,0.00915952,0.012887,0.0181249,0.0254851,inf	17.6789,17.6789,78.1861,141.82,258.758,388.959,429.231,402.289,365.55,343.332,340.724,360.835,409.001,483.833,554.537,594.592,596.242,573.776,568.968,568.968
0.000708414	-91960929.30	0,1.61302e-05,3.87962e-05,7.06463e-05,0.000115402,0.000178292,0.000266665,0.000390847,0.000565346,0.00081055,0.00115511,0.00163928,0.00231964,0.00327568,0.00461909,0.00650685,0.00915952,0.012887,0.0181249,0.0254851,inf	17.7632,17.7632,78.5795,137.846,255.286,392.929,436.434,407.252,367.282,342.456,337.865,356.829,405.67,485.169,563.935,611.596,617.001,594.758,595.073,595.073
0.000719668	-91958854.31	0,1.61302e-05,3.87962e-05,7.06463e-05,0.000115402,0.000178292,0.000266665,0.000390847,0.000565346,0.00081055,0.00115511,0.00163928,0.00231964,0.00327568,0.00461909,0.00650685,0.00915952,0.012887,0.0181249,0.0254851,inf	17.9942,17.9942,79.8467,135.038,252.265,395.989,442.436,411.583,369.051,342.053,335.636,353.329,402.379,485.744,571.996,627.235,636.866,615.631,623.477,623.477
0.000730508	-91957066.70	0,1.61302e-05,3.87962e-05,7.06463e-05,0.000115402,0.000178292,0.000266665,0.000390847,0.000565346,0.00081055,0.00115511,0.00163928,0.00231964,0.00327568,0.00461909,0.00650685,0.00915952,0.012887,0.0181249,0.0254851,inf	18.2595,18.2595,81.6624,133.123,249.705,398.369,447.415,415.326,370.793,342.004,333.915,350.267,399.174,485.735,578.936,641.658,655.904,636.451,654.882,654.882
0.000740977	-91955503.15	0,1.61302e-05,3.87962e-05,7.06463e-05,0.000115402,0.000178292,0.000266665,0.000390847,0.000565346,0.00081055,0.00115511,0.00163928,0.00231964,0.00327568,0.00461909,0.00650685,0.00915952,0.012887,0.0181249,0.0254851,inf	18.4966,18.4966,83.8062,131.904,247.601,400.261,451.54,418.538,372.468,342.223,332.608,347.584,396.081,485.275,584.928,654.999,674.177,657.273,690.32,690.32
0.000751109	-91954117.91	0,1.61302e-05,3.87962e-05,7.06463e-05,0.000115402,0.000178292,0.000266665,0.000390847,0.000565346,0.00081055,0.00115511,0.00163928,0.00231964,0.00327568,0.00461909,0.00650685,0.00915952,0.012887,0.0181249,0.0254851,inf	18.6827,18.6827,86.1346,131.235,245.937,401.817,454.96,421.276,374.054,342.641,331.64,345.229,393.113,484.465,590.113,667.369,691.738,678.155,731.374,731.374
0.000760933	-91952877.27	0,1.61302e-05,3.87962e-05,7.06463e-05,0.000115402,0.000178292,0.000266665,0.000390847,0.000565346,0.00081055,0.00115511,0.00163928,0.00231964,0.00327568,0.00461909,0.00650685,0.00915952,0.012887,0.0181249,0.0254851,inf	18.8149,18.8149,88.5374,130.998,244.685,403.15,457.798,423.594,375.536,343.207,330.95,343.159,390.275,483.384,594.61,678.868,708.635,699.148,780.683,780.683
0.000770473	-91951755.86	0,1.61302e-05,3.87962e-05,7.06463e-05,0.000115402,0.000178292,0.000266665,0.000390847,0.000565346,0.00081055,0.00115511,0.00163928,0.00231964,0.00327568,0.00461909,0.00650685,0.00915952,0.012887,0.0181249,0.0254851,inf	18.8973,18.8973,90.9435,131.1,243.816,404.347,460.16,425.542,376.909,343.881,330.489,341.336,387.567,482.093,598.515,689.581,724.912,720.306,843.167,843.167
0.000779751	-91950734.22	0,1.61302e-05,3.87962e-05,7.06463e-05,0.000115402,0.000178292,0.000266665,0.000390847,0.000565346,0.00081055,0.00115511,0.00163928,0.00231964,0.00327568,0.00461909,0.00650685,0.00915952,0.012887,0.0181249,0.0254851,inf	18.9383,18.9383,93.2984,131.475,243.292,405.471,462.133,427.165,378.169,344.633,330.217,339.728,384.987,480.639,601.909,699.583,740.606,741.676,929.52,929.52
0.000788785	-91949797.21	0,1.61302e-05,3.87962e-05,7.06463e-05,0.000115402,0.000178292,0.000266665,0.000390847,0.000565346,0.00081055,0.00115511,0.00163928,0.00231964,0.00327568,0.00461909,0.00650685,0.00915952,0.012887,0.0181249,0.0254851,inf	18.9473,18.9473,95.5758,132.059,243.078,406.566,463.789,428.505,379.318,345.437,330.102,338.31,382.531,479.062,604.86,708.94,755.754,763.307,1071.17,1071.17
0.00079759	-91948932.84	0,1.61302e-05,3.87962e-05,7.06463e-05,0.000115402,0.000178292,0.000266665,0.000390847,0.000565346,0.00081055,0.00115511,0.00163928,0.00231964,0.00327568,0.00461909,0.00650685,0.00915952,0.012887,0.0181249,0.0254851,inf	18.9344,18.9344,97.7467,132.807,243.141,407.663,465.186,429.595,380.357,346.276,330.118,337.057,380.193,477.39,607.425,717.711,770.386,785.231,1437.38,1437.38
0.000806181	-91948131.43	0,1.61302e-05,3.87962e-05,7.06463e-05,0.000115402,0.000178292,0.000266665,0.000390847,0.000565346,0.00081055,0.00115511,0.00163928,0.00231964,0.00327568,0.00461909,0.00650685,0.00915952,0.012887,0.0181249,0.0254851,inf	18.909,18.909,99.8019,133.679,243.444,408.781,466.371,430.468,381.293,347.135,330.242,335.949,377.967,475.647,609.653,725.947,784.53,807.388,4611.23,4611.23
0.000814127	-91947385.09	0,1.61302e-05,3.87962e-05,7.06463e-05,0.000115402,0.000178292,0.000266665,0.000390847,0.000565346,0.00081055,0.00115511,0.00163928,0.00231964,0.00327568,0.00461909,0.00650685,0.00915952,0.012887,0.0181249,0.0254851,inf	18.8752,18.8752,101.717,134.626,243.924,409.87,467.308,431.082,382.069,347.886,330.387,334.924,375.798,473.796,611.527,733.646,798.176,829.49,97192.9,97192.9
0.000814127	-91946714.49	0,1.61302e-05,3.87962e-05,7.06463e-05,0.000115402,0.000178292,0.000266665,0.000390847,0.000565346,0.00081055,0.00115511,0.00163928,0.00231964,0.00327568,0.00461909,0.00650685,0.00915952,0.012887,0.0181249,0.0254851,inf	18.7758,18.7758,103.146,135.175,243.759,409.596,466.533,430.16,381.615,347.734,329.782,333.241,372.942,470.942,612.153,737.066,798.176,829.49,97192.7,97192.7
