The split time is estimated to be around [0.0, 0.0, 0.0] gens (i.e. 0.25,0.5,0.75 quantile)
Initial Chi-Square distance is 5.880650191150737e+273 and final Chi-Square distance is 8.119329543031821e-05
left_boundaries	IM_lambda00	IM_lambda01	IM_lambda11	IM_rCCR	MSMC_lambda00	MSMC_lambda01	MSMC_lambda11	MSMC_rCCR	msmc_N1	msmc_N2	naive_im_N1	naive_im_N2	im_N1	im_N2
0.0	5.2337813425061057e-08	0.0	5.486553967352974e-08	0.0	1.3527939999999995e-07	3.9866114e-09	7.905754799999998e-08	0.03719947901842851	3696054.2403351893	6324506.801045741	9553322.29757584	9113188.405239154	19067868.96576944	18189387.624404076
745.9594059405941	2.6796567718172117e-08	2.679986084395433e-08	2.6806868775606074e-08	0.9999306983635282	1.3527939999999995e-07	3.9866114e-09	7.905754799999998e-08	0.03719947901842851	3696054.2403351893	6324506.801045741	9553322.29757584	9113188.405239154	19106633.13683807	18226365.880063996
1846.8217821782177	1.279244715611063e-08	1.279241358730312e-08	1.2792467075092152e-08	0.9999965973465551	1.3527939999999995e-07	3.9865003e-09	7.905754799999998e-08	0.037198442332956994	3696054.2403351893	6324506.801045741	1.0202834155588651	1.020282942541453	2.0405656074343814	2.0405646614001247
3471.455445544554	1.8015841996739387e-07	1.8015794683657117e-07	1.80158700517981e-07	0.999996595187509	6.79052896e-07	6.902016799999999e-08	4.030036754e-07	0.12757219876350726	736319.6636746249	1240683.4739254587	1.049996663254952	1.0499990722773844	2.099992068277838	2.0999968863198157
5869.039603960397	5.966712081539574e-07	5.966696326608885e-07	5.966721377848592e-07	0.9999965805172052	1.091837068e-06	3.2004375e-07	1.0227275149999997e-06	0.30270416195654215	457943.78543667466	488888.77307657077	1.0499753641869316	1.049974241234384	2.0999494754846575	2.099947229580902
9407.336633663366	9.337936925651362e-07	9.337912301767612e-07	9.337951505756519e-07	0.9999965823380831	1.85678905e-06	9.109917199999999e-07	1.8547983400000001e-06	0.49089062133062145	269282.0705723141	269571.08447703265	1.0501674966192145	1.047923894376689	2.100334993197077	2.0958477887121147
14629.0099009901	3.1274104862271586e-08	3.1274022065395774e-08	3.127415393226734e-08	0.9999965680300058	3.12454105e-06	1.7293825999999999e-06	2.60723622e-06	0.603436776600358	160023.50169155243	191773.95441368947	1.050168098489309	1.0501801779185094	2.100336196963369	2.1003603558217696
22335.148514851484	1.1012075626812817e-08	1.1012046441774212e-08	1.1012092909176877e-08	0.999996565026228	4.2130433e-06	2.4800853e-06	3.0404413799999995e-06	0.6838327809082793	118679.05558910349	164449.8076131302	1.1312608458169264	1.1312444234176948	2.2625216916282187	2.262488846829755
33707.52475247525	3.638326710431616e-09	3.638317071600831e-09	3.6383324207751475e-09	0.9999965660058207	4.393734319999999e-06	2.7591887e-06	3.157462e-06	0.7307951172430914	113798.41464788433	158355.0332513899	1.0381722295808968	1.0381689604649607	2.076344459160066	2.0763379209281942
50490.59405940594	9.383164003067062e-10	9.383139135281343e-10	9.383178750223737e-10	0.9999965639161045	3.9510472799999995e-06	2.9520482e-06	3.09093128e-06	0.8384144242552195	126548.72608864353	161763.5446104127	1.0408768062168625	1.0408765462501113	2.081753612432818	2.0817530924993157
75258.71287128713	9.713236598103718e-11	9.713210840710284e-11	9.713251845540907e-11	0.9999965633406032	3.4887298799999997e-06	3.1600173e-06	3.0863943600000005e-06	0.9612038296633006	143318.63377166938	162001.33284328575	1.0501661061309815	1.050165753696017	2.1003322122611405	2.1003315073912114
111810.89108910892	7.73609770236103e-32	7.736077198655709e-32	7.736109845820757e-32	0.9999965647519784	3.308023709999999e-06	3.4485945e-06	3.19893159e-06	1.0599717812722642	151147.64700401743	156302.18588075528	1.0501284555765853	1.0501284529991877	2.1002569111523477	2.100256905997553
165753.46534653465	8.901108198227507e-35	8.901084597343334e-35	8.901122170856162e-35	0.9999965636667018	3.42840763e-06	3.8767941e-06	3.4802478999999994e-06	1.1223005932675298	145840.30079293693	143667.92664396123	1.0286801153960516	1.0286801128769947	2.0573602307912973	2.057360225753184
245360.396039604	1.9881089702934128e-20	1.9881037013064678e-20	1.9881120910420796e-20	0.9999965648985945	4.0496333800000005e-06	4.5707247e-06	4.192147409999999e-06	1.1091594927023047	123467.96687062074	119270.61505692618	1.0498342422647897	1.0498342380953154	2.099668484528757	2.0996684761898083
362841.58415841585	8.901108295152827e-35	8.90108469166264e-35	8.901122260264071e-35	0.9999965637962374	5.167867000000001e-06	5.534295e-06	5.395331119999998e-06	1.0478445897027253	96751.71594005804	92672.71811113608	1.0501657355535547	1.050165733341149	2.1003314711062866	2.100331466681475
536217.8217821782	4.497063845451193e-27	4.4970519176574476e-27	4.4970709039932145e-27	0.9999965628567535	6.2178983499999995e-06	6.4268926e-06	6.429127729999999e-06	1.0163484378613696	80413.02251266298	77771.04779966785	1.0501657663124446	1.0501657637469148	2.100331532624067	2.100331527493007
792082.1782178219	2.679496033921322e-11	2.6794889322479238e-11	2.6795002400330473e-11	0.9999965647562378	6.92841214e-06	7.328105499999999e-06	6.905602299999999e-06	1.059432969624687	72166.60757135617	72404.98051849873	1.0501657321267046	1.0501657542649454	2.1003314642533883	2.1003315085298704
1169683.1683168316	9.032005580888883e-43	9.031981637633656e-43	9.032019758916157e-43	0.9999965641911722	7.947857660000002e-06	8.9795767e-06	6.643311359999998e-06	1.2308234779121214	62910.03455137367	75263.6709172698	1.0501657820416361	1.0501657030359852	2.1003315640832723	2.1003314060719704
1726930.693069307	3.840986428707329e-91	3.8409762477945556e-91	3.840992458060166e-91	0.9999965645338561	0.0007806626552200001	0.0008695564699999999	5.5877886399999995e-06	2.2119071010784275	640.4815148472729	89480.83619712574	1.0501658032751404	1.0501658032845633	2.100331606550281	2.1003316065691267
2549297.0297029703	1.5842736513208866e-162	1.5842694586903498e-162	1.58427613822546e-162	0.9999965687250101	0.00097375413	0.0008695564699999999	5.2234978e-06	1.7764583077431588	513.4766411722434	95721.30000705658	1.0501658032751404	1.0501658032845633	2.100331606550281	2.1003316065691267
