0.000657869	-267135300.39	0,7.59221e-06,1.87966e-05,3.53317e-05,5.97338e-05,9.57458e-05,0.000148891,0.000227322,0.000343068,0.000513883,0.000765966,0.00113798,0.001687,0.00249722,0.00369292,0.00545751,0.00806164,0.0119047,0.0175763,0.0259462,inf	24.281,24.281,54.8055,93.538,140.395,190.724,236.649,274.043,302.792,328.223,353.531,379.75,405.655,425.356,431.82,429.463,424.334,418.463,414.157,414.157
0.000676238	-267038588.57	0,7.59221e-06,1.87966e-05,3.53317e-05,5.97338e-05,9.57458e-05,0.000148891,0.000227322,0.000343068,0.000513883,0.000765966,0.00113798,0.001687,0.00249722,0.00369292,0.00545751,0.00806164,0.0119047,0.0175763,0.0259462,inf	2.39881,2.39881,12.0657,35.0075,75.1109,130.372,187.421,235.448,270.721,302.139,335.271,372.239,412.318,447.102,462.142,461.493,454.421,444.677,436.978,436.978
0.000692199	-266997997.35	0,7.59221e-06,1.87966e-05,3.53317e-05,5.97338e-05,9.57458e-05,0.000148891,0.000227322,0.000343068,0.000513883,0.000765966,0.00113798,0.001687,0.00249722,0.00369292,0.00545751,0.00806164,0.0119047,0.0175763,0.0259462,inf	0.393216,0.393216,3.7242,17.7031,50.6913,106.2,168.878,222.107,258.17,289.726,324.65,366.066,414.245,460.557,484.854,488.532,482.075,470.348,460.196,460.196
0.000706148	-266976449.98	0,7.59221e-06,1.87966e-05,3.53317e-05,5.97338e-05,9.57458e-05,0.000148891,0.000227322,0.000343068,0.000513883,0.000765966,0.00113798,0.001687,0.00249722,0.00369292,0.00545751,0.00806164,0.0119047,0.0175763,0.0259462,inf	0.391675,0.391675,1.52936,11.1201,39.4031,94.9685,162.096,219.096,254.105,283.702,317.949,360.799,413.545,468.558,501.937,511.49,507.615,495.626,483.951,483.951
0.000718575	-266963196.30	0,7.59221e-06,1.87966e-05,3.53317e-05,5.97338e-05,9.57458e-05,0.000148891,0.000227322,0.000343068,0.000513883,0.000765966,0.00113798,0.001687,0.00249722,0.00369292,0.00545751,0.00806164,0.0119047,0.0175763,0.0259462,inf	0.391675,0.391675,0.775526,8.17233,33.4422,89.2185,160.284,220.616,254.04,281.009,313.578,356.347,411.506,473.012,514.871,531.14,531.333,520.659,508.401,508.401
0.000729865	-266954190.19	0,7.59221e-06,1.87966e-05,3.53317e-05,5.97338e-05,9.57458e-05,0.000148891,0.000227322,0.000343068,0.000513883,0.000765966,0.00113798,0.001687,0.00249722,0.00369292,0.00545751,0.00806164,0.0119047,0.0175763,0.0259462,inf	0.391675,0.391675,0.418009,6.72407,30.0144,86.0224,160.542,224.021,255.859,280.152,310.715,352.643,408.869,475.156,524.724,548.094,553.474,545.581,533.72,533.72
0.000740292	-266947611.14	0,7.59221e-06,1.87966e-05,3.53317e-05,5.97338e-05,9.57458e-05,0.000148891,0.000227322,0.000343068,0.000513883,0.000765966,0.00113798,0.001687,0.00249722,0.00369292,0.00545751,0.00806164,0.0119047,0.0175763,0.0259462,inf	0.391675,0.391675,0.391679,5.9918,27.947,84.1049,161.543,228.023,258.486,280.327,308.884,349.61,406.047,475.791,532.26,562.831,574.235,570.514,560.097,560.097
0.00075005	-266942536.38	0,7.59221e-06,1.87966e-05,3.53317e-05,5.97338e-05,9.57458e-05,0.000148891,0.000227322,0.000343068,0.000513883,0.000765966,0.00113798,0.001687,0.00249722,0.00369292,0.00545751,0.00806164,0.0119047,0.0175763,0.0259462,inf	0.391675,0.391675,0.391677,5.62693,26.6812,82.8791,162.684,231.992,261.358,281.082,307.783,347.165,403.262,475.44,538.029,575.728,593.781,595.569,587.783,587.783
0.000759279	-266938467.89	0,7.59221e-06,1.87966e-05,3.53317e-05,5.97338e-05,9.57458e-05,0.000148891,0.000227322,0.000343068,0.000513883,0.000765966,0.00113798,0.001687,0.00249722,0.00369292,0.00545751,0.00806164,0.0119047,0.0175763,0.0259462,inf	0.391675,0.391675,0.391677,5.47399,25.9295,82.0686,163.714,235.644,264.185,282.149,307.21,345.227,400.628,474.445,542.434,587.081,612.242,620.861,617.079,617.079
0.000768076	-266935103.28	0,7.59221e-06,1.87966e-05,3.53317e-05,5.97338e-05,9.57458e-05,0.000148891,0.000227322,0.000343068,0.000513883,0.000765966,0.00113798,0.001687,0.00249722,0.00369292,0.00545751,0.00806164,0.0119047,0.0175763,0.0259462,inf	0.391675,0.391675,0.391677,5.44902,25.5281,81.5405,164.557,238.872,266.821,283.369,307.024,343.719,398.198,473.034,545.77,597.128,629.732,646.503,648.376,648.376
0.000776515	-266932250.11	0,7.59221e-06,1.87966e-05,3.53317e-05,5.97338e-05,9.57458e-05,0.000148891,0.000227322,0.000343068,0.000513883,0.000765966,0.00113798,0.001687,0.00249722,0.00369292,0.00545751,0.00806164,0.0119047,0.0175763,0.0259462,inf	0.391675,0.391675,0.391677,5.50232,25.3731,81.229,165.217,241.662,269.203,284.641,307.121,342.574,395.988,471.358,548.261,606.06,646.342,672.617,682.194,682.194
0.000784649	-266929780.41	0,7.59221e-06,1.87966e-05,3.53317e-05,5.97338e-05,9.57458e-05,0.000148891,0.000227322,0.000343068,0.000513883,0.000765966,0.00113798,0.001687,0.00249722,0.00369292,0.00545751,0.00806164,0.0119047,0.0175763,0.0259462,inf	0.391675,0.391675,0.391677,5.60512,25.4017,81.0983,165.729,244.046,271.312,285.906,307.426,341.733,393.999,469.522,550.077,614.033,662.153,699.339,719.245,719.245
0.00079252	-266927606.04	0,7.59221e-06,1.87966e-05,3.53317e-05,5.97338e-05,9.57458e-05,0.000148891,0.000227322,0.000343068,0.000513883,0.000765966,0.00113798,0.001687,0.00249722,0.00369292,0.00545751,0.00806164,0.0119047,0.0175763,0.0259462,inf	0.391675,0.391675,0.391677,5.73882,25.5671,81.1266,166.138,246.074,273.154,287.125,307.882,341.145,392.218,467.595,551.348,621.177,677.231,726.817,760.655,760.655
0.000800161	-266925664.38	0,7.59221e-06,1.87966e-05,3.53317e-05,5.97338e-05,9.57458e-05,0.000148891,0.000227322,0.000343068,0.000513883,0.000765966,0.00113798,0.001687,0.00249722,0.00369292,0.00545751,0.00806164,0.0119047,0.0175763,0.0259462,inf	0.391675,0.391675,0.391677,5.88816,25.834,81.2948,166.484,247.802,274.744,288.275,308.446,340.768,390.631,465.626,552.176,627.597,691.637,755.228,808.151,808.151
0.000807596	-266923909.93	0,7.59221e-06,1.87966e-05,3.53317e-05,5.97338e-05,9.57458e-05,0.000148891,0.000227322,0.000343068,0.000513883,0.000765966,0.00113798,0.001687,0.00249722,0.00369292,0.00545751,0.00806164,0.0119047,0.0175763,0.0259462,inf	0.391675,0.391675,0.391677,6.04324,26.1785,81.5886,166.804,249.283,276.106,289.346,309.083,340.566,389.221,463.647,552.641,633.385,705.421,784.778,864.66,864.66
0.000814846	-266922308.82	0,7.59221e-06,1.87966e-05,3.53317e-05,5.97338e-05,9.57458e-05,0.000148891,0.000227322,0.000343068,0.000513883,0.000765966,0.00113798,0.001687,0.00249722,0.00369292,0.00545751,0.00806164,0.0119047,0.0175763,0.0259462,inf	0.391675,0.391675,0.391677,6.20057,26.581,81.993,167.124,250.564,277.265,290.332,309.769,340.509,387.97,461.682,552.809,638.614,718.628,815.723,935.848,935.848
0.000821929	-266920835.39	0,7.59221e-06,1.87966e-05,3.53317e-05,5.97338e-05,9.57458e-05,0.000148891,0.000227322,0.000343068,0.000513883,0.000765966,0.00113798,0.001687,0.00249722,0.00369292,0.00545751,0.00806164,0.0119047,0.0175763,0.0259462,inf	0.391675,0.391675,0.391677,6.35466,27.0231,82.4928,167.464,251.686,278.244,291.229,310.484,340.571,386.864,459.746,552.731,643.352,731.297,848.369,1034.51,1034.51
0.000828857	-266919469.83	0,7.59221e-06,1.87966e-05,3.53317e-05,5.97338e-05,9.57458e-05,0.000148891,0.000227322,0.000343068,0.000513883,0.000765966,0.00113798,0.001687,0.00249722,0.00369292,0.00545751,0.00806164,0.0119047,0.0175763,0.0259462,inf	0.391675,0.391675,0.391677,6.5043,27.4946,83.0754,167.837,252.684,279.067,292.04,311.213,340.731,385.886,457.849,552.449,647.652,743.462,883.11,1198.02,1198.02
0.000835642	-266918196.57	0,7.59221e-06,1.87966e-05,3.53317e-05,5.97338e-05,9.57458e-05,0.000148891,0.000227322,0.000343068,0.000513883,0.000765966,0.00113798,0.001687,0.00249722,0.00369292,0.00545751,0.00806164,0.0119047,0.0175763,0.0259462,inf	0.391675,0.391675,0.391677,6.6476,27.9857,83.7272,168.251,253.585,279.754,292.768,311.946,340.973,385.023,455.998,551.997,651.562,755.155,920.45,1582.66,1582.66
0.000842296	-266917003.22	0,7.59221e-06,1.87966e-05,3.53317e-05,5.97338e-05,9.57458e-05,0.000148891,0.000227322,0.000343068,0.000513883,0.000765966,0.00113798,0.001687,0.00249722,0.00369292,0.00545751,0.00806164,0.0119047,0.0175763,0.0259462,inf	0.391675,0.391675,0.391677,6.78375,28.4868,84.4366,168.71,254.414,280.324,293.417,312.673,341.281,384.264,454.197,551.405,655.124,766.402,961.024,2939.59,2939.59
