0.000617859	-94686661.41	0,1.62226e-05,3.90186e-05,7.10513e-05,0.000116063,0.000179314,0.000268194,0.000393087,0.000568586,0.000815196,0.00116173,0.00164868,0.00233294,0.00329445,0.00464557,0.00654415,0.00921202,0.0129609,0.0182288,0.0256312,inf	99.9541,99.9541,191.702,264.974,324.834,364.694,380.632,381.42,379.296,380.263,386.407,398.565,415.95,433.84,445.004,447.489,444.633,440.471,438.893,438.893
0.000635877	-94670154.56	0,1.62226e-05,3.90186e-05,7.10513e-05,0.000116063,0.000179314,0.000268194,0.000393087,0.000568586,0.000815196,0.00116173,0.00164868,0.00233294,0.00329445,0.00464557,0.00654415,0.00921202,0.0129609,0.0182288,0.0256312,inf	37.3095,37.3095,118.689,208.032,294.612,357.809,380.587,376.023,367.003,364.088,370.46,387.576,415.194,446.848,469.008,475.618,471.561,464.543,462.699,462.699
0.000653268	-94660828.59	0,1.62226e-05,3.90186e-05,7.10513e-05,0.000116063,0.000179314,0.000268194,0.000393087,0.000568586,0.000815196,0.00116173,0.00164868,0.00233294,0.00329445,0.00464557,0.00654415,0.00921202,0.0129609,0.0182288,0.0256312,inf	19.6611,19.6611,86.9037,179.583,281.866,363.029,390.508,379.619,363.15,355.421,360.182,379.273,413.4,456.086,488.91,500.835,497.05,488.526,488.032,488.032
0.000669836	-94654227.97	0,1.62226e-05,3.90186e-05,7.10513e-05,0.000116063,0.000179314,0.000268194,0.000393087,0.000568586,0.000815196,0.00116173,0.00164868,0.00233294,0.00329445,0.00464557,0.00654415,0.00921202,0.0129609,0.0182288,0.0256312,inf	13.5335,13.5335,70.8726,162.937,274.947,370.9,402.543,385.834,362.58,350.248,352.845,372.448,410.81,462.451,505.426,523.459,521.201,512.519,515.357,515.357
0.00068562	-94649164.91	0,1.62226e-05,3.90186e-05,7.10513e-05,0.000116063,0.000179314,0.000268194,0.000393087,0.000568586,0.000815196,0.00116173,0.00164868,0.00233294,0.00329445,0.00464557,0.00654415,0.00921202,0.0129609,0.0182288,0.0256312,inf	11.1939,11.1939,62.2262,152.36,270.167,378.379,414.022,392.421,363.383,346.991,347.337,366.657,407.736,466.674,519.178,543.807,544.131,536.637,545.309,545.309
0.000700707	-94645109.68	0,1.62226e-05,3.90186e-05,7.10513e-05,0.000116063,0.000179314,0.000268194,0.000393087,0.000568586,0.000815196,0.00116173,0.00164868,0.00233294,0.00329445,0.00464557,0.00654415,0.00921202,0.0129609,0.0182288,0.0256312,inf	10.3373,10.3373,57.5373,145.43,266.331,384.634,424.127,398.59,364.779,344.93,343.112,361.685,404.42,469.303,530.672,562.164,565.95,561.001,578.787,578.787
0.000715181	-94641759.75	0,1.62226e-05,3.90186e-05,7.10513e-05,0.000116063,0.000179314,0.000268194,0.000393087,0.000568586,0.000815196,0.00116173,0.00164868,0.00233294,0.00329445,0.00464557,0.00654415,0.00921202,0.0129609,0.0182288,0.0256312,inf	10.1283,10.1283,55.1729,140.933,263.076,389.611,432.729,404.095,366.422,343.681,339.85,357.399,401.022,470.743,540.316,578.777,586.759,585.735,617.117,617.117
0.000729116	-94638923.66	0,1.62226e-05,3.90186e-05,7.10513e-05,0.000116063,0.000179314,0.000268194,0.000393087,0.000568586,0.000815196,0.00116173,0.00164868,0.00233294,0.00329445,0.00464557,0.00654415,0.00921202,0.0129609,0.0182288,0.0256312,inf	10.2099,10.2099,54.2642,138.164,260.303,393.508,439.948,408.898,368.145,343.013,337.336,353.693,397.644,471.289,548.43,593.857,606.648,610.97,662.427,662.427
0.000742572	-94636473.80	0,1.62226e-05,3.90186e-05,7.10513e-05,0.000116063,0.000179314,0.000268194,0.000393087,0.000568586,0.000815196,0.00116173,0.00164868,0.00233294,0.00329445,0.00464557,0.00654415,0.00921202,0.0129609,0.0182288,0.0256312,inf	10.4091,10.4091,54.3019,136.67,257.99,396.57,445.974,413.039,369.86,342.771,335.417,350.483,394.343,471.159,555.274,607.587,625.695,636.849,718.519,718.519
0.0007556	-94634322.16	0,1.62226e-05,3.90186e-05,7.10513e-05,0.000116063,0.000179314,0.000268194,0.000393087,0.000568586,0.000815196,0.00116173,0.00164868,0.00233294,0.00329445,0.00464557,0.00654415,0.00921202,0.0129609,0.0182288,0.0256312,inf	10.6347,10.6347,54.967,136.138,256.124,399.02,451.002,416.581,371.517,342.845,333.973,347.697,391.155,470.517,561.055,620.121,643.969,663.528,793.049,793.049
0.000768239	-94632406.33	0,1.62226e-05,3.90186e-05,7.10513e-05,0.000116063,0.000179314,0.000268194,0.000393087,0.000568586,0.000815196,0.00116173,0.00164868,0.00233294,0.00329445,0.00464557,0.00654415,0.00921202,0.0129609,0.0182288,0.0256312,inf	10.8461,10.8461,56.0489,136.338,254.685,401.039,455.206,419.593,373.087,343.154,332.913,345.274,388.098,469.485,565.941,631.594,661.531,691.179,905.675,905.675
0.000780525	-94630680.87	0,1.62226e-05,3.90186e-05,7.10513e-05,0.000116063,0.000179314,0.000268194,0.000393087,0.000568586,0.000815196,0.00116173,0.00164868,0.00233294,0.00329445,0.00464557,0.00654415,0.00921202,0.0129609,0.0182288,0.0256312,inf	11.0212,11.0212,57.4035,137.098,253.646,402.768,458.735,422.139,374.555,343.636,332.165,343.162,385.177,468.156,570.071,642.121,678.437,719.99,1135.07,1135.07
0.000792487	-94629112.00	0,1.62226e-05,3.90186e-05,7.10513e-05,0.000116063,0.000179314,0.000268194,0.000393087,0.000568586,0.000815196,0.00116173,0.00164868,0.00233294,0.00329445,0.00464557,0.00654415,0.00921202,0.0129609,0.0182288,0.0256312,inf	11.1584,11.1584,58.9266,138.293,252.975,404.311,461.714,424.28,375.914,344.243,331.671,341.319,382.395,466.603,573.555,651.8,694.729,750.136,2272.91,2272.91
0.000792487	-94627673.90	0,1.62226e-05,3.90186e-05,7.10513e-05,0.000116063,0.000179314,0.000268194,0.000393087,0.000568586,0.000815196,0.00116173,0.00164868,0.00233294,0.00329445,0.00464557,0.00654415,0.00921202,0.0129609,0.0182288,0.0256312,inf	11.2061,11.2061,60.2394,139.109,251.351,403.632,461.83,423.946,375.391,343.422,330.027,338.431,378.431,463.35,574.933,659.482,709.593,781.134,96743.3,96743.3
0.000792487	-94627389.33	0,1.62226e-05,3.90186e-05,7.10513e-05,0.000116063,0.000179314,0.000268194,0.000393087,0.000568586,0.000815196,0.00116173,0.00164868,0.00233294,0.00329445,0.00464557,0.00654415,0.00921202,0.0129609,0.0182288,0.0256312,inf	11.1709,11.1709,61.2539,139.838,249.953,403.397,462.269,424.465,375.847,343.638,329.412,336.498,375.187,460.628,576.527,661.439,709.593,781.134,96743.3,96743.3
0.000792487	-94627276.98	0,1.62226e-05,3.90186e-05,7.10513e-05,0.000116063,0.000179314,0.000268194,0.000393087,0.000568586,0.000815196,0.00116173,0.00164868,0.00233294,0.00329445,0.00464557,0.00654415,0.00921202,0.0129609,0.0182288,0.0256312,inf	11.0959,11.0959,62.0265,139.838,248.542,403.042,462.988,425.069,375.881,343.638,329.352,335.155,372.58,458.34,578.331,662.549,709.636,781.134,96743.3,96743.3
0.000792487	-94627202.38	0,1.62226e-05,3.90186e-05,7.10513e-05,0.000116063,0.000179314,0.000268194,0.000393087,0.000568586,0.000815196,0.00116173,0.00164868,0.00233294,0.00329445,0.00464557,0.00654415,0.00921202,0.0129609,0.0182288,0.0256312,inf	11.0167,11.0167,62.679,140.45,247.197,402.68,463.637,425.718,376.819,343.859,329.352,334.261,370.418,456.375,580.286,663.161,709.636,781.134,96743.2,96743.2
0.000792487	-94627146.24	0,1.62226e-05,3.90186e-05,7.10513e-05,0.000116063,0.000179314,0.000268194,0.000393087,0.000568586,0.000815196,0.00116173,0.00164868,0.00233294,0.00329445,0.00464557,0.00654415,0.00921202,0.0129609,0.0182288,0.0256312,inf	10.9331,10.9331,62.8215,140.45,245.841,402.157,464.014,426.19,376.844,343.859,329.354,333.684,368.597,454.768,580.288,664.778,709.636,781.134,96743.2,96743.2
0.000792487	-94627110.74	0,1.62226e-05,3.90186e-05,7.10513e-05,0.000116063,0.000179314,0.000268194,0.000393087,0.000568586,0.000815196,0.00116173,0.00164868,0.00233294,0.00329445,0.00464557,0.00654415,0.00921202,0.0129609,0.0182288,0.0256312,inf	10.8751,10.8751,63.3418,141.107,244.646,401.698,464.437,426.718,377.874,343.859,329.786,333.402,367.094,453.411,580.292,666.076,709.636,781.134,96743.2,96743.2
0.000792487	-94627081.98	0,1.62226e-05,3.90186e-05,7.10513e-05,0.000116063,0.000179314,0.000268194,0.000393087,0.000568586,0.000815196,0.00116173,0.00164868,0.00233294,0.00329445,0.00464557,0.00654415,0.00921202,0.0129609,0.0182288,0.0256312,inf	10.8109,10.8109,63.7349,141.702,243.466,401.136,464.617,427.027,378.786,345.119,329.786,333.238,365.181,451.684,580.292,667.684,709.636,781.134,96743,96743
