0.000659677	-94837188.69	0,1.73307e-05,4.16837e-05,7.59044e-05,0.000123991,0.000191562,0.000286513,0.000419937,0.000607423,0.000870878,0.00124108,0.00176129,0.00249229,0.00351948,0.00496288,0.00699114,0.00984124,0.0138462,0.0194739,0.0273819,inf	88.4103,88.4103,165.497,223.684,264.664,290.586,308.169,322.194,336.337,352.591,371.138,391.239,410.038,422.099,424.557,420.554,414.04,407.062,399.934,399.934
0.000677735	-94810090.40	0,1.73307e-05,4.16837e-05,7.59044e-05,0.000123991,0.000191562,0.000286513,0.000419937,0.000607423,0.000870878,0.00124108,0.00176129,0.00249229,0.00351948,0.00496288,0.00699114,0.00984124,0.0138462,0.0194739,0.0273819,inf	33.0639,33.0639,102.734,173.726,228.601,261.987,282.449,297.551,313.759,334.622,360.641,391.395,423.341,446.816,453.984,448.381,436.891,423.665,409.47,409.47
0.000694342	-94797284.63	0,1.73307e-05,4.16837e-05,7.59044e-05,0.000123991,0.000191562,0.000286513,0.000419937,0.000607423,0.000870878,0.00124108,0.00176129,0.00249229,0.00351948,0.00496288,0.00699114,0.00984124,0.0138462,0.0194739,0.0273819,inf	17.155,17.155,77.6528,154.643,218.346,255.4,275.288,287.972,302.568,323.985,352.995,389.793,431.347,465.398,478.674,473.34,458.248,439.485,418.339,418.339
0.000709554	-94789560.14	0,1.73307e-05,4.16837e-05,7.59044e-05,0.000123991,0.000191562,0.000286513,0.000419937,0.000607423,0.000870878,0.00124108,0.00176129,0.00249229,0.00351948,0.00496288,0.00699114,0.00984124,0.0138462,0.0194739,0.0273819,inf	11.143,11.143,65.3048,146.421,217.204,256.964,275.512,284.863,296.653,317.001,346.86,387.08,435.733,479.348,499.468,495.783,478.258,454.604,426.63,426.63
0.000723622	-94784292.81	0,1.73307e-05,4.16837e-05,7.59044e-05,0.000123991,0.000191562,0.000286513,0.000419937,0.000607423,0.000870878,0.00124108,0.00176129,0.00249229,0.00351948,0.00496288,0.00699114,0.00984124,0.0138462,0.0194739,0.0273819,inf	8.46056,8.46056,58.3714,142.525,219.204,261.422,278.745,284.783,293.527,312.173,341.782,383.818,437.71,489.833,517.085,516.042,497.064,469.103,434.435,434.435
0.000736777	-94780420.77	0,1.73307e-05,4.16837e-05,7.59044e-05,0.000123991,0.000191562,0.000286513,0.000419937,0.000607423,0.000870878,0.00124108,0.00176129,0.00249229,0.00351948,0.00496288,0.00699114,0.00984124,0.0138462,0.0194739,0.0273819,inf	7.16115,7.16115,54.1621,140.478,221.963,266.548,283.056,286.162,292.013,308.77,337.552,380.375,438.104,497.713,532.106,534.405,514.791,483.047,441.822,441.822
0.000749203	-94777421.88	0,1.73307e-05,4.16837e-05,7.59044e-05,0.000123991,0.000191562,0.000286513,0.000419937,0.000607423,0.000870878,0.00124108,0.00176129,0.00249229,0.00351948,0.00496288,0.00699114,0.00984124,0.0138462,0.0194739,0.0273819,inf	6.52982,6.52982,51.5142,139.299,224.55,271.399,287.551,288.224,291.489,306.381,334.038,376.97,437.464,503.618,544.991,551.114,531.547,496.492,448.837,448.837
0.000761035	-94775006.17	0,1.73307e-05,4.16837e-05,7.59044e-05,0.000123991,0.000191562,0.000286513,0.000419937,0.000607423,0.000870878,0.00124108,0.00176129,0.00249229,0.00351948,0.00496288,0.00699114,0.00984124,0.0138462,0.0194739,0.0273819,inf	6.25837,6.25837,49.86,138.602,226.666,275.615,291.821,290.563,291.598,304.744,331.134,373.721,436.155,508.011,556.105,566.37,547.417,509.476,455.533,455.533
0.000772378	-94772998.94	0,1.73307e-05,4.16837e-05,7.59044e-05,0.000123991,0.000191562,0.000286513,0.000419937,0.000607423,0.000870878,0.00124108,0.00176129,0.00249229,0.00351948,0.00496288,0.00699114,0.00984124,0.0138462,0.0194739,0.0273819,inf	6.192,6.192,48.8903,138.245,228.286,279.117,295.694,292.961,292.118,303.678,328.75,370.685,434.419,511.232,565.74,580.343,562.478,522.034,461.931,461.931
0.000783309	-94771288.78	0,1.73307e-05,4.16837e-05,7.59044e-05,0.000123991,0.000191562,0.000286513,0.000419937,0.000607423,0.000870878,0.00124108,0.00176129,0.00249229,0.00351948,0.00496288,0.00699114,0.00984124,0.0138462,0.0194739,0.0273819,inf	6.24567,6.24567,48.4073,138.174,229.489,281.943,299.115,295.298,292.905,303.054,326.809,367.883,432.419,513.537,574.127,593.178,576.793,534.197,468.071,468.071
0.000793888	-94769801.47	0,1.73307e-05,4.16837e-05,7.59044e-05,0.000123991,0.000191562,0.000286513,0.000419937,0.000607423,0.000870878,0.00124108,0.00176129,0.00249229,0.00351948,0.00496288,0.00699114,0.00984124,0.0138462,0.0194739,0.0273819,inf	6.37135,6.37135,48.2839,138.369,230.385,284.184,302.089,297.51,293.861,302.771,325.242,365.317,430.265,515.117,581.455,604.996,590.416,545.983,473.96,473.96
0.000804161	-94768485.84	0,1.73307e-05,4.16837e-05,7.59044e-05,0.000123991,0.000191562,0.000286513,0.000419937,0.000607423,0.000870878,0.00124108,0.00176129,0.00249229,0.00351948,0.00496288,0.00699114,0.00984124,0.0138462,0.0194739,0.0273819,inf	6.53804,6.53804,48.431,138.811,231.074,285.94,304.645,299.564,294.917,302.754,323.993,362.978,428.029,516.122,587.878,615.904,603.396,557.416,479.606,479.606
0.000814165	-94767305.62	0,1.73307e-05,4.16837e-05,7.59044e-05,0.000123991,0.000191562,0.000286513,0.000419937,0.000607423,0.000870878,0.00124108,0.00176129,0.00249229,0.00351948,0.00496288,0.00699114,0.00984124,0.0138462,0.0194739,0.0273819,inf	6.72148,6.72148,48.7801,139.487,231.642,287.31,306.827,301.446,296.024,302.943,323.011,360.85,425.764,516.665,593.523,625.99,615.775,568.506,485.029,485.029
0.000823929	-94766234.46	0,1.73307e-05,4.16837e-05,7.59044e-05,0.000123991,0.000191562,0.000286513,0.000419937,0.000607423,0.000870878,0.00124108,0.00176129,0.00249229,0.00351948,0.00496288,0.00699114,0.00984124,0.0138462,0.0194739,0.0273819,inf	6.90836,6.90836,49.2798,140.376,232.152,288.378,308.68,303.153,297.148,303.291,322.254,358.917,423.502,516.835,598.495,635.335,627.589,579.268,490.236,490.236
0.000833478	-94765252.78	0,1.73307e-05,4.16837e-05,7.59044e-05,0.000123991,0.000191562,0.000286513,0.000419937,0.000607423,0.000870878,0.00124108,0.00176129,0.00249229,0.00351948,0.00496288,0.00699114,0.00984124,0.0138462,0.0194739,0.0273819,inf	7.09048,7.09048,49.8882,141.454,232.654,289.215,310.248,304.689,298.265,303.762,321.689,357.161,421.267,516.705,602.882,644.007,638.872,589.711,495.228,495.228
0.00084283	-94764345.71	0,1.73307e-05,4.16837e-05,7.59044e-05,0.000123991,0.000191562,0.000286513,0.000419937,0.000607423,0.000870878,0.00124108,0.00176129,0.00249229,0.00351948,0.00496288,0.00699114,0.00984124,0.0138462,0.0194739,0.0273819,inf	7.26362,7.26362,50.5733,142.7,233.177,289.88,311.572,306.063,299.356,304.325,321.285,355.567,419.074,516.329,606.758,652.067,649.655,599.842,500.009,500.009
0.000852004	-94763501.76	0,1.73307e-05,4.16837e-05,7.59044e-05,0.000123991,0.000191562,0.000286513,0.000419937,0.000607423,0.000870878,0.00124108,0.00176129,0.00249229,0.00351948,0.00496288,0.00699114,0.00984124,0.0138462,0.0194739,0.0273819,inf	7.42403,7.42403,51.3082,144.086,233.744,290.425,312.689,307.283,300.412,304.959,321.019,354.118,416.933,515.755,610.187,659.568,659.962,609.673,504.596,504.596
0.000861012	-94762711.95	0,1.73307e-05,4.16837e-05,7.59044e-05,0.000123991,0.000191562,0.000286513,0.000419937,0.000607423,0.000870878,0.00124108,0.00176129,0.00249229,0.00351948,0.00496288,0.00699114,0.00984124,0.0138462,0.0194739,0.0273819,inf	7.57053,7.57053,52.0763,145.59,234.366,290.884,313.631,308.362,301.422,305.643,320.868,352.801,414.85,515.017,613.22,666.559,669.82,619.208,508.989,508.989
0.000869867	-94761969.12	0,1.73307e-05,4.16837e-05,7.59044e-05,0.000123991,0.000191562,0.000286513,0.000419937,0.000607423,0.000870878,0.00124108,0.00176129,0.00249229,0.00351948,0.00496288,0.00699114,0.00984124,0.0138462,0.0194739,0.0273819,inf	7.70387,7.70387,52.861,147.194,235.051,291.287,314.426,309.311,302.384,306.364,320.816,351.603,412.828,514.147,615.905,673.08,679.25,628.45,513.179,513.179
0.000878579	-94761267.49	0,1.73307e-05,4.16837e-05,7.59044e-05,0.000123991,0.000191562,0.000286513,0.000419937,0.000607423,0.000870878,0.00124108,0.00176129,0.00249229,0.00351948,0.00496288,0.00699114,0.00984124,0.0138462,0.0194739,0.0273819,inf	7.82748,7.82748,53.6473,148.873,235.799,291.657,315.099,310.141,303.294,307.11,320.847,350.512,410.87,513.169,618.28,679.171,688.275,637.406,517.178,517.178
